-1.148509 1.169009 1.145494
-1.094261 1.227182 1.177889
-1.035163 1.225444 1.188983
-1.086393 1.114300 1.135831
-1.145908 1.113077 1.124998
-1.038478 1.282521 1.210798
-1.141264 1.056051 1.104781
-1.082423 1.058001 1.115412
-1.138117 1.000666 1.084022
-1.097963 1.282037 1.199428
-1.090460 1.168638 1.155654
-0.981417 1.282488 1.221623
-1.029801 1.169575 1.167559
-0.901691 1.000717 1.128274
-0.975987 1.226051 1.199604
-0.963774 1.057968 1.137246
-1.079220 1.000154 1.094184
-0.972947 1.170520 1.178530
-0.917093 1.227587 1.211441
-0.957796 1.114387 1.157762
-0.921732 1.282486 1.231871
-1.024607 1.057172 1.125957
-0.904940 1.056837 1.147973
-1.027963 1.114583 1.146689
-1.020773 0.999905 1.106138
-0.910471 1.113828 1.168726
-0.960865 1.000947 1.117171
-0.912949 1.169863 1.189904
-0.843024 1.001891 1.139668
-0.791071 1.114941 1.191386
-0.799205 1.226556 1.232579
-0.854334 1.172169 1.200757
-1.157166 1.283765 1.187639
-1.153729 1.226973 1.166176
-0.858156 1.226411 1.221830
-1.208621 1.168853 1.135485
-1.204647 1.113928 1.114723
-0.862649 1.282869 1.243510
-0.847419 1.057578 1.160054
-0.849829 1.113961 1.180745
-1.211993 1.226572 1.156385
-0.803651 1.282822 1.254688
-1.195688 1.001140 1.072204
-1.200118 1.057244 1.093607
-1.215882 1.281165 1.177308
-0.785992 1.055832 1.171193
-0.782745 0.999888 1.150614
-0.794976 1.170404 1.211734