-0.147991 1.036383 1.105707
0.155413 0.995837 1.090866
0.152374 1.052962 1.109161
0.141297 1.223701 1.164233
-0.280604 1.256952 1.178283
0.077443 1.277773 1.183520
0.087879 1.108109 1.127445
-0.277612 1.200543 1.159523
0.084472 1.164940 1.145477
-0.221593 1.261459 1.178856
0.017237 1.273694 1.182254
-0.155404 1.149073 1.141684
-0.038598 1.213311 1.162277
-0.204742 0.974856 1.086968
0.021587 1.217814 1.163941
-0.089191 1.038440 1.106353
-0.042952 1.270939 1.181998
-0.027468 1.043167 1.107319
-0.085801 0.981239 1.088603
-0.145078 0.977661 1.086697
-0.101157 1.267344 1.181194
-0.211994 1.089311 1.122646
-0.035815 1.157145 1.143727
-0.213786 1.145612 1.140985
-0.098064 1.209725 1.162022
0.081198 1.219956 1.164119
-0.161375 1.263609 1.180136
-0.092095 1.096934 1.124816
0.027013 1.103244 1.126297
-0.218674 1.204099 1.160362
-0.158364 1.207483 1.161328
0.025035 1.159714 1.144640
-0.151288 1.093186 1.123654
-0.093552 1.152734 1.142855
-0.274778 1.142950 1.140784
-0.207653 1.031718 1.104698
-0.271585 1.086457 1.122852
0.094442 0.993765 1.090980
0.032144 1.045081 1.107689
-0.267905 1.028954 1.104537
0.145002 1.166647 1.145835
-0.024774 0.985182 1.089310
-0.031152 1.099748 1.125148
0.148429 1.110501 1.127849
0.090223 1.050580 1.108981
0.137467 1.280667 1.184254
-0.264328 0.971643 1.086115
0.035115 0.989067 1.089944