-1.185478 1.001385 0.451895
-1.267230 1.226924 0.514522
-1.241192 1.002240 0.432708
-1.272880 1.282651 0.534342
-1.216602 1.283618 0.552657
-0.988329 1.282217 0.625174
-1.254958 1.114753 0.479963
-1.261152 1.170191 0.493902
-0.974614 1.169796 0.584763
-1.210331 1.227232 0.531651
-0.853978 1.114216 0.601326
-1.018897 1.058208 0.526543
-1.247999 1.058337 0.453587
-0.917823 1.171255 0.602870
-0.981212 1.226997 0.605441
-1.087808 1.169616 0.548394
-0.873966 1.282229 0.662165
-0.924164 1.225704 0.623269
-0.866666 1.225875 0.640988
-0.930912 1.282601 0.644019
-1.025387 1.113949 0.546362
-0.969829 1.114102 0.564062
-1.078019 1.056995 0.507633
-1.038397 1.225838 0.586696
-1.191148 1.057181 0.471941
-1.140133 1.114177 0.509872
-1.152958 1.227213 0.550604
-1.045872 1.282869 0.607396
-1.158879 1.282578 0.571001
-0.860359 1.168563 0.621020
-1.101389 1.282557 0.589822
-1.128133 1.000696 0.469123
-1.202927 1.169284 0.511652
-1.198025 1.113998 0.491547
-1.083399 1.114934 0.527802
-1.032671 1.170792 0.565946
-1.146735 1.169467 0.529006
-1.134032 1.058367 0.490049
-1.095294 1.225894 0.568763
-0.961837 1.056916 0.544065
-0.911523 1.115499 0.582928
-0.956379 1.001599 0.524695
-0.841420 1.000960 0.561136
-0.847209 1.057269 0.580932
-1.071824 1.000731 0.488153
-1.013559 1.001157 0.506221
-0.899658 1.002706 0.543031
-0.906421 1.058580 0.562739