0.741294 1.279115 1.245582
0.856571 1.279491 1.216765
0.915318 1.280085 1.202033
1.029771 1.280298 1.172042
0.798108 1.280705 1.231561
0.971565 1.280790 1.187720
1.146266 1.281143 1.142704
1.088280 1.281247 1.157717
0.909615 1.223217 1.181396
0.736111 1.223405 1.226203
0.967198 1.223759 1.166145
0.792618 1.223853 1.211319
1.083255 1.224292 1.136472
0.851128 1.224338 1.195369
1.141353 1.224779 1.121207
1.025726 1.225046 1.152154
0.788938 1.165718 1.191025
0.845217 1.166328 1.175923
0.730582 1.166432 1.206019
0.905566 1.167062 1.160260
1.020772 1.167559 1.131310
0.961705 1.168070 1.146359
1.136728 1.168520 1.100822
1.078555 1.169773 1.116604
0.782583 1.110170 1.171626
0.725406 1.110722 1.186307
0.841200 1.111153 1.153278
0.957807 1.111561 1.125746
1.014241 1.111678 1.111608
0.898638 1.111773 1.141077
1.132108 1.112777 1.081313
1.073589 1.113596 1.096577
0.778550 1.053254 1.151561
0.893247 1.053686 1.121537
0.720517 1.053772 1.166293
1.010837 1.054472 1.090919
0.836325 1.054700 1.136729
0.953073 1.055324 1.106015
1.127698 1.055790 1.060831
1.067578 1.056507 1.077141
0.830746 0.996953 1.116011
0.773027 0.997171 1.131955
0.715706 0.997260 1.146924
0.888473 0.997361 1.102143
0.947588 0.998148 1.086767
1.005629 0.998752 1.071771
1.122539 0.999058 1.041419
1.063467 1.000500 1.057242
