0.234342 1.253638 0.605414
0.289906 1.257955 0.585604
0.346635 1.260104 0.565814
0.403333 1.264350 0.546198
0.458379 1.267818 0.527089
0.514766 1.270552 0.506353
0.571924 1.274630 0.487143
0.628401 1.277532 0.467270
0.230396 1.197132 0.586648
0.285952 1.201137 0.566512
0.343025 1.204393 0.547262
0.399741 1.206384 0.527154
0.455395 1.210229 0.506819
0.512617 1.214627 0.487705
0.568412 1.216890 0.467286
0.625212 1.220305 0.447073
0.226533 1.139859 0.567695
0.283444 1.142503 0.546382
0.338589 1.146076 0.526981
0.397273 1.149784 0.507342
0.451718 1.154180 0.488207
0.508743 1.156946 0.468250
0.565488 1.161701 0.448314
0.621860 1.163709 0.428085
0.223129 1.083472 0.549159
0.279104 1.086168 0.528718
0.336064 1.090454 0.508414
0.392167 1.093971 0.489177
0.449502 1.096957 0.468996
0.504459 1.099815 0.449847
0.561726 1.105219 0.429899
0.619074 1.107366 0.409712
0.220204 1.025989 0.530725
0.276616 1.029178 0.510297
0.332763 1.033428 0.490400
0.387944 1.035964 0.470560
0.446508 1.040093 0.450185
0.502466 1.042304 0.430131
0.557751 1.047816 0.411527
0.616320 1.049753 0.390657
0.216804 0.968782 0.511821
0.273132 0.972103 0.492221
0.328909 0.975076 0.471580
0.385397 0.978693 0.452702
0.442436 0.982630 0.432363
0.499264 0.986124 0.412383
0.555200 0.990876 0.393178
0.612868 0.992714 0.372320
