-0.421568 1.032422 0.823928
-0.188804 1.159714 0.865562
-0.241401 1.043164 0.827478
-0.245005 1.099778 0.845657
-0.359084 0.978066 0.806616
-0.186924 1.103021 0.846944
-0.129074 1.164524 0.866664
-0.435193 1.262213 0.898764
-0.488547 1.143746 0.860431
-0.072321 1.222871 0.886256
-0.478397 0.972462 0.805198
-0.076338 1.280258 0.906273
-0.132493 1.219686 0.885505
-0.196268 1.273685 0.903325
-0.494170 1.257669 0.898131
-0.305963 1.097131 0.844934
-0.372066 1.207703 0.881729
-0.311803 1.209809 0.882673
-0.192170 1.217494 0.885016
-0.427500 1.146418 0.860534
-0.256522 1.270864 0.903013
-0.307295 1.153058 0.863174
-0.252170 1.213303 0.883410
-0.181720 1.045151 0.828074
-0.485429 1.087580 0.842182
-0.481854 1.029917 0.823787
-0.418882 0.975393 0.806621
-0.425860 1.090070 0.842113
-0.369209 1.149493 0.861632
-0.314574 1.267713 0.901662
-0.123562 1.050150 0.829950
-0.125704 1.107694 0.848312
-0.068826 1.165914 0.867778
-0.119392 0.993244 0.812099
-0.238941 0.985080 0.809647
-0.178845 0.988779 0.810678
-0.432412 1.204713 0.880121
-0.249551 1.157217 0.864347
-0.299695 0.981312 0.808632
-0.375065 1.263760 0.900527
-0.491183 1.201316 0.879259
-0.361979 1.036800 0.825545
-0.365112 1.093687 0.843426
-0.303208 1.038755 0.826306
-0.061462 1.052298 0.830869
-0.065132 1.109784 0.849663
-0.058484 0.995227 0.812589
-0.136039 1.277348 0.905120