0.132983 1.052212 0.565566
0.132792 0.995068 0.547303
0.132194 1.109847 0.584588
0.131514 1.166055 0.602903
0.131085 1.222969 0.621868
0.130636 1.280172 0.641954
0.072566 0.993312 0.556609
0.072160 1.107732 0.593757
0.072083 1.164400 0.612162
0.071829 1.219421 0.631065
0.071464 1.050332 0.575163
0.071422 1.277471 0.650766
0.013775 0.988904 0.565050
0.013721 1.044826 0.583446
0.013089 1.159474 0.621092
0.012940 1.217541 0.640319
0.011998 1.102755 0.602816
0.011733 1.273550 0.658961
-0.045058 1.042839 0.592685
-0.045549 1.099732 0.611175
-0.045530 0.985265 0.573981
-0.046627 1.213055 0.648542
-0.047059 1.156904 0.629817
-0.047612 1.270890 0.668460
-0.104222 1.152753 0.638108
-0.105300 1.267555 0.676860
-0.105421 1.209781 0.657570
-0.105743 0.981639 0.583022
-0.105825 1.096627 0.620474
-0.106194 1.038463 0.601532
-0.164244 1.036763 0.610171
-0.164366 1.093479 0.628935
-0.164682 0.978271 0.590452
-0.164971 1.263776 0.685439
-0.165109 1.207682 0.666662
-0.165536 1.149016 0.647487
-0.223137 1.146028 0.656042
-0.223298 1.032136 0.618640
-0.223657 0.975558 0.600402
-0.224409 1.089688 0.637325
-0.224535 1.261923 0.693752
-0.224736 1.204402 0.675457
-0.282546 0.972375 0.608954
-0.282711 1.029767 0.627766
-0.283088 1.257604 0.702675
-0.283253 1.201067 0.684016
-0.283428 1.143603 0.664883
-0.283361 1.087309 0.645391