0.608069 1.050386 0.546585
0.774610 0.995990 0.476474
0.802303 1.278062 0.576896
0.746477 1.277585 0.593277
0.567680 1.220155 0.623616
0.859490 1.278160 0.559248
0.561648 1.163465 0.603686
0.832503 0.996442 0.459260
0.889739 0.998064 0.442893
0.917978 1.278629 0.542937
0.612915 1.107461 0.566552
0.658935 0.994377 0.509264
0.855219 1.222558 0.539217
0.911886 1.222088 0.521902
0.796728 1.221413 0.555379
0.630386 1.277928 0.626723
0.906869 1.167233 0.501783
0.624278 1.220995 0.606567
0.619601 1.162991 0.585588
0.964130 1.166532 0.484535
0.688394 1.276630 0.609906
0.573967 1.275888 0.643117
0.975358 1.279056 0.526019
0.959245 1.110385 0.464757
0.555792 1.107559 0.583830
0.894652 1.054324 0.462530
0.948244 0.997003 0.424858
0.721707 1.051174 0.513152
0.781265 1.052789 0.495532
0.838241 1.051851 0.478388
0.969847 1.222288 0.504477
0.602268 0.994604 0.527164
0.670569 1.108781 0.549333
0.665552 1.052021 0.529917
0.953842 1.058853 0.444486
0.728049 1.109233 0.532576
0.716517 0.994952 0.493619
0.675646 1.163713 0.568592
0.681845 1.221814 0.589831
0.790846 1.165722 0.535585
0.849120 1.165568 0.518628
0.735114 1.164570 0.551669
0.786305 1.108885 0.515229
0.740162 1.220535 0.572746
0.842296 1.109276 0.498995
0.900825 1.111413 0.482241
0.544947 0.994158 0.543811
0.550460 1.050878 0.563906