-1.408347 1.110652 1.588956
-1.424446 1.111125 1.531664
-1.439198 1.111821 1.473402
-1.456439 1.110971 1.415818
-1.473902 1.109326 1.361181
-1.490668 1.108173 1.302896
-1.507308 1.109640 1.245130
-1.525631 1.105210 1.189411
-1.364840 1.070528 1.577254
-1.381109 1.070129 1.519505
-1.397434 1.072267 1.462734
-1.414188 1.069350 1.403832
-1.430647 1.068977 1.350520
-1.449531 1.067601 1.290733
-1.465451 1.068105 1.232934
-1.483542 1.065512 1.177372
-1.322612 1.029660 1.565360
-1.339317 1.030928 1.507596
-1.354456 1.029590 1.450307
-1.372972 1.028800 1.391571
-1.388070 1.027250 1.337113
-1.406721 1.025476 1.278244
-1.421931 1.025958 1.221945
-1.440636 1.024148 1.165036
-1.280852 0.989711 1.553427
-1.297965 0.990343 1.495738
-1.313625 0.989870 1.437343
-1.330250 0.987511 1.380426
-1.348044 0.987442 1.323725
-1.365283 0.984872 1.267120
-1.381474 0.985685 1.209047
-1.399248 0.983982 1.153280
-1.237950 0.949377 1.541671
-1.255511 0.949344 1.482587
-1.269850 0.947666 1.426486
-1.289148 0.946218 1.369176
-1.304676 0.945245 1.310552
-1.323924 0.944384 1.255366
-1.338745 0.943349 1.197552
-1.357062 0.942628 1.141577
-1.195362 0.909453 1.529208
-1.213392 0.908723 1.471633
-1.228785 0.907848 1.414502
-1.247324 0.904607 1.356660
-1.263706 0.904920 1.299107
-1.280534 0.902750 1.242432
-1.298863 0.902416 1.185897
-1.315287 0.902262 1.129292
