0.573255 1.190705 0.759565
0.590233 1.190712 0.702438
0.609151 1.190583 0.645224
0.625157 1.189743 0.587298
0.638688 1.187997 0.531570
0.656106 1.187039 0.473379
0.672203 1.187563 0.415167
0.685192 1.183706 0.358318
0.602151 1.138685 0.769061
0.618996 1.137688 0.711354
0.636222 1.138838 0.654719
0.652701 1.136373 0.595832
0.667275 1.135674 0.541974
0.683002 1.135011 0.481103
0.699885 1.134510 0.423480
0.713673 1.132612 0.366768
0.629859 1.086276 0.777623
0.646574 1.087448 0.719906
0.664010 1.085445 0.663305
0.679679 1.084763 0.603609
0.695229 1.082794 0.549338
0.711009 1.080845 0.489382
0.727825 1.080597 0.433722
0.741855 1.079751 0.375350
0.657282 1.035092 0.786220
0.671075 1.035458 0.728224
0.691981 1.033601 0.670362
0.706731 1.031708 0.613078
0.722727 1.031611 0.555704
0.737601 1.029550 0.498406
0.755132 1.028813 0.440618
0.769413 1.027995 0.383651
0.686301 0.982574 0.795407
0.702071 0.982773 0.735989
0.719737 0.980389 0.680504
0.733194 0.979516 0.621793
0.751148 0.977986 0.563524
0.765022 0.977534 0.506742
0.782051 0.975552 0.449835
0.797054 0.975111 0.392436
0.714297 0.930838 0.803900
0.729865 0.930885 0.745313
0.746688 0.929077 0.688577
0.761272 0.926498 0.629558
0.778243 0.925692 0.572210
0.794105 0.923889 0.515048
0.808719 0.923196 0.457475
0.824960 0.922558 0.400500
