0.037039 1.199665 -0.335359
0.068459 1.199343 -0.385777
0.102309 1.199003 -0.435575
0.133021 1.198101 -0.487138
0.161805 1.196676 -0.537300
0.193737 1.195309 -0.588721
0.225561 1.196378 -0.639920
0.253492 1.192115 -0.691604
0.059341 1.145848 -0.320084
0.091140 1.144839 -0.370841
0.123223 1.145899 -0.420890
0.154834 1.143321 -0.473034
0.183614 1.142399 -0.521262
0.215303 1.142112 -0.575291
0.246841 1.141170 -0.626196
0.275736 1.139370 -0.677041
0.081593 1.092378 -0.305596
0.112770 1.092948 -0.356790
0.145154 1.090977 -0.406336
0.176095 1.090149 -0.459801
0.206125 1.088087 -0.508021
0.237337 1.086273 -0.561267
0.268622 1.085811 -0.610252
0.297977 1.085054 -0.662589
0.102907 1.039228 -0.291687
0.134336 1.039258 -0.342836
0.167360 1.037320 -0.393884
0.197095 1.035626 -0.444943
0.228339 1.035547 -0.495771
0.258082 1.033578 -0.546849
0.290584 1.032822 -0.597733
0.319852 1.032243 -0.648374
0.125951 0.985296 -0.275727
0.156711 0.984859 -0.329386
0.188460 0.982260 -0.378015
0.218090 0.982129 -0.430877
0.250960 0.980388 -0.481760
0.279629 0.980078 -0.532762
0.311498 0.978133 -0.582999
0.341305 0.977548 -0.634026
0.147660 0.931477 -0.262460
0.178564 0.931790 -0.314213
0.210112 0.929605 -0.364501
0.239862 0.927485 -0.417373
0.272404 0.926717 -0.467734
0.302648 0.924745 -0.518488
0.332360 0.924126 -0.569926
0.363337 0.923366 -0.620164
