-0.079488 1.200472 1.584930
-0.084885 1.200251 1.525662
-0.088499 1.199724 1.465570
-0.095560 1.198532 1.406201
-0.103318 1.196930 1.348826
-0.109257 1.195565 1.288589
-0.115588 1.195726 1.228741
-0.124232 1.192209 1.170471
-0.051900 1.146861 1.583596
-0.057466 1.145655 1.523782
-0.062472 1.146885 1.464670
-0.069337 1.143926 1.404127
-0.075617 1.143194 1.348378
-0.083626 1.142303 1.286113
-0.089134 1.141742 1.226391
-0.097463 1.139556 1.168622
-0.025370 1.093093 1.581541
-0.031216 1.094155 1.521907
-0.035747 1.091887 1.462815
-0.043781 1.091133 1.401751
-0.049342 1.088935 1.345444
-0.056946 1.086953 1.283916
-0.062117 1.086297 1.226007
-0.070573 1.085458 1.166556
0.000769 1.040372 1.579811
-0.005218 1.040545 1.519869
-0.010259 1.038536 1.459437
-0.017772 1.036673 1.400923
-0.023809 1.036569 1.341504
-0.031509 1.034164 1.282902
-0.036839 1.033279 1.222923
-0.044247 1.032380 1.164756
0.028276 0.986456 1.578112
0.021236 0.986718 1.517035
0.016475 0.983879 1.459141
0.007979 0.983137 1.399433
0.002758 0.981427 1.338891
-0.005432 0.980869 1.281053
-0.010996 0.978612 1.221882
-0.017854 0.978275 1.163111
0.055031 0.933280 1.576016
0.047670 0.933234 1.515882
0.042253 0.931228 1.456944
0.033687 0.928573 1.396977
0.029051 0.927978 1.337045
0.022095 0.925795 1.278546
0.005981 0.917664 1.227295
0.008556 0.924486 1.160840
