0.907290 1.143379 2.359811
0.878180 1.144330 2.309169
0.847950 1.142940 2.255900
0.816468 1.141617 2.205075
0.784585 1.140105 2.156444
0.753789 1.139241 2.104438
0.723018 1.139423 2.052941
0.690778 1.135607 2.003526
0.943536 1.099103 2.339172
0.912837 1.098537 2.287593
0.882917 1.100191 2.236641
0.851212 1.097159 2.184356
0.822061 1.095930 2.136602
0.788069 1.095158 2.083851
0.757404 1.095173 2.032243
0.725592 1.092374 1.983139
0.978361 1.055337 2.318927
0.947380 1.056014 2.267390
0.918109 1.054864 2.216107
0.884770 1.053864 2.164096
0.856434 1.051767 2.115232
0.823637 1.049770 2.062647
0.794000 1.049503 2.012398
0.761143 1.048246 1.962211
1.013079 1.012427 2.298485
0.981672 1.012439 2.247176
0.951840 1.011216 2.194514
0.919972 1.008874 2.144697
0.889075 1.009074 2.093612
0.857408 1.006199 2.043588
0.827418 1.005873 1.991327
0.795729 1.004487 1.942061
1.049047 0.968284 2.277848
1.016642 0.968884 2.225749
0.988104 0.966284 2.175255
0.954910 0.964858 2.124824
0.924164 0.963542 2.072214
0.892136 0.962475 2.023453
0.862860 0.960496 1.971711
0.830890 0.959933 1.921746
1.083778 0.924762 2.257036
1.051554 0.924495 2.206100
1.022043 0.923549 2.154671
0.989362 0.919893 2.103925
0.959133 0.919740 2.051936
0.929370 0.917828 2.002191
0.897695 0.917360 1.952201
0.867191 0.916360 1.901312
