-1.412802 1.202745 0.993337
-1.417628 1.201014 0.935718
-1.417798 1.200320 0.875265
-1.421571 1.199126 0.815661
-1.426881 1.197334 0.758023
-1.429140 1.195894 0.697335
-1.432011 1.195641 0.637399
-1.437797 1.192568 0.578922
-1.390996 1.146467 0.995518
-1.393142 1.145268 0.935583
-1.395564 1.145744 0.876322
-1.399133 1.142948 0.815143
-1.402466 1.142010 0.759448
-1.407109 1.141109 0.696649
-1.409771 1.140052 0.637057
-1.414870 1.138117 0.578658
-1.368376 1.090969 0.995362
-1.370363 1.091874 0.935314
-1.372452 1.089317 0.876127
-1.376875 1.088338 0.814629
-1.379801 1.086120 0.758302
-1.384265 1.083979 0.696554
-1.386089 1.083273 0.638218
-1.390936 1.082637 0.578361
-1.345531 1.036533 0.995177
-1.348043 1.036572 0.934976
-1.350146 1.034260 0.874472
-1.354642 1.032435 0.815545
-1.357312 1.032219 0.755994
-1.362100 1.029840 0.696838
-1.364449 1.028457 0.636871
-1.368896 1.027583 0.578255
-1.321870 0.980778 0.995424
-1.325232 0.980983 0.933814
-1.326497 0.978093 0.876005
-1.332527 0.977225 0.815668
-1.334011 0.975538 0.755077
-1.339147 0.974912 0.696750
-1.342191 0.972201 0.637280
-1.346050 0.971935 0.578351
-1.298010 0.925986 0.994887
-1.302313 0.925863 0.934408
-1.304357 0.923906 0.875300
-1.310458 0.921061 0.815030
-1.311785 0.920216 0.755076
-1.315315 0.918235 0.695863
-1.320308 0.917252 0.636685
-1.319686 0.918391 0.576144
