-0.146685 1.197708 1.436049
-0.142527 1.197693 1.376517
-0.136436 1.196810 1.316392
-0.134010 1.196193 1.256801
-0.132303 1.194811 1.198854
-0.128250 1.193795 1.138358
-0.124890 1.194218 1.078409
-0.124201 1.190926 1.019438
-0.120834 1.143183 1.438635
-0.116367 1.142445 1.378732
-0.112412 1.143298 1.319636
-0.109059 1.141073 1.258676
-0.106307 1.140526 1.202620
-0.103948 1.139571 1.139945
-0.099924 1.139427 1.080151
-0.098458 1.137455 1.021807
-0.095874 1.088894 1.440826
-0.091649 1.090204 1.380854
-0.086863 1.087821 1.321668
-0.085125 1.087353 1.260245
-0.081546 1.085290 1.203747
-0.079089 1.083764 1.141733
-0.074233 1.083196 1.083734
-0.073384 1.082782 1.023800
-0.070797 1.035632 1.442843
-0.067002 1.035994 1.382884
-0.062380 1.034216 1.322342
-0.060677 1.032351 1.263250
-0.057102 1.032351 1.203742
-0.055054 1.030368 1.144580
-0.050491 1.029709 1.084409
-0.048707 1.029057 1.025866
-0.044782 0.980981 1.445480
-0.041878 0.981346 1.383973
-0.037473 0.978677 1.326096
-0.036509 0.978268 1.265804
-0.031891 0.976522 1.205175
-0.030741 0.976265 1.146846
-0.026522 0.974181 1.087422
-0.023760 0.974158 1.028234
-0.019077 0.927208 1.447316
-0.017070 0.927221 1.386838
-0.012869 0.925410 1.327784
-0.012168 0.922915 1.267131
-0.007170 0.922406 1.207336
-0.004030 0.920355 1.148289
-0.002662 0.920235 1.088771
-0.001362 0.919752 1.029986
