-1.499072 1.204897 0.218632
-1.485049 1.202959 0.162331
-1.466595 1.201953 0.105014
-1.450560 1.200746 0.047345
-1.437452 1.198745 -0.009134
-1.420220 1.197410 -0.067266
-1.404215 1.197367 -0.125128
-1.391073 1.193831 -0.182397
-1.476966 1.149574 0.226698
-1.462133 1.146694 0.169884
-1.445891 1.147318 0.112885
-1.429785 1.144506 0.053953
-1.415257 1.143498 -0.000117
-1.399522 1.142424 -0.060955
-1.383019 1.141416 -0.118451
-1.369328 1.139388 -0.175201
-1.458016 1.092372 0.234326
-1.440886 1.093264 0.176757
-1.423613 1.090787 0.120041
-1.409194 1.089741 0.060331
-1.393945 1.087372 0.005864
-1.378047 1.085272 -0.054167
-1.361596 1.084406 -0.109870
-1.347985 1.083614 -0.168160
-1.436638 1.038200 0.241529
-1.420195 1.038158 0.183561
-1.402527 1.035660 0.125360
-1.389009 1.033525 0.068076
-1.372189 1.033169 0.010711
-1.357815 1.030853 -0.046733
-1.341168 1.029712 -0.104459
-1.325839 1.028958 -0.161213
-1.414446 0.982355 0.249277
-1.398307 0.982411 0.189802
-1.381985 0.979241 0.133996
-1.368216 0.978543 0.075363
-1.351082 0.976310 0.016990
-1.336607 0.975800 -0.039776
-1.320335 0.973115 -0.096896
-1.304476 0.973132 -0.153942
-1.391827 0.927612 0.256171
-1.377307 0.927108 0.197458
-1.360927 0.924835 0.140657
-1.347176 0.922239 0.081601
-1.329136 0.920973 0.024111
-1.314136 0.918833 -0.033016
-1.299578 0.918181 -0.090601
-1.282852 0.917516 -0.147300
