-0.239990 1.198003 0.562375
-0.223898 1.197980 0.504922
-0.206130 1.197428 0.447272
-0.191409 1.196514 0.389408
-0.177938 1.194973 0.332962
-0.161702 1.193764 0.274678
-0.146478 1.194180 0.216299
-0.133781 1.190596 0.158959
-0.214334 1.144518 0.570641
-0.197618 1.143470 0.512822
-0.181735 1.144245 0.455525
-0.166724 1.141882 0.396674
-0.152309 1.140996 0.342165
-0.137592 1.140268 0.281322
-0.121361 1.139840 0.223578
-0.108372 1.137760 0.166573
-0.189185 1.090376 0.578039
-0.173269 1.091781 0.520209
-0.156454 1.089380 0.463132
-0.142149 1.088625 0.403326
-0.127069 1.086641 0.348716
-0.112177 1.084830 0.288601
-0.096389 1.084227 0.232598
-0.083040 1.083326 0.173976
-0.164313 1.037691 0.585474
-0.148385 1.037737 0.527308
-0.131627 1.035782 0.468964
-0.117927 1.033984 0.411482
-0.102330 1.033906 0.353967
-0.088441 1.031869 0.296395
-0.072332 1.031021 0.238379
-0.058133 1.030320 0.181465
-0.138123 0.983388 0.593459
-0.123324 0.983811 0.533869
-0.106989 0.980837 0.477970
-0.093864 0.980192 0.419095
-0.076750 0.978670 0.360754
-0.063732 0.978290 0.303733
-0.047785 0.976066 0.246437
-0.033387 0.975828 0.189088
-0.112694 0.930362 0.600760
-0.098643 0.930330 0.541932
-0.082810 0.928169 0.484917
-0.069530 0.925676 0.425871
-0.052563 0.924990 0.368253
-0.037539 0.922978 0.310928
-0.023892 0.922323 0.252985
-0.008182 0.921641 0.196113
