-1.333732 1.109508 2.431086
-1.362602 1.110143 2.379067
-1.389913 1.111237 2.325631
-1.420027 1.110522 2.273492
-1.450121 1.108066 2.224711
-1.479977 1.107418 2.171870
-1.509769 1.109551 2.119770
-1.540108 1.105212 2.069273
-1.294276 1.069342 2.409856
-1.323491 1.068663 2.357241
-1.351880 1.070908 2.305549
-1.382005 1.068609 2.252112
-1.410725 1.068328 2.204301
-1.442898 1.067080 2.150564
-1.471490 1.067037 2.097927
-1.501687 1.064800 2.048008
-1.256009 1.028316 2.388566
-1.286143 1.029584 2.336462
-1.313406 1.028622 2.284178
-1.345465 1.028916 2.231130
-1.372665 1.026766 2.181904
-1.404119 1.024640 2.128497
-1.431592 1.024782 2.077398
-1.463138 1.023582 2.026422
-1.218681 0.988790 2.367676
-1.248381 0.988640 2.315372
-1.276738 0.988489 2.261759
-1.306818 0.986670 2.210686
-1.336842 0.987213 2.159592
-1.366551 0.983794 2.108522
-1.395177 0.984051 2.055435
-1.425457 0.983096 2.005090
-1.179239 0.947026 2.346131
-1.210902 0.948431 2.293140
-1.237182 0.946785 2.241685
-1.269309 0.945538 2.190320
-1.298061 0.943952 2.137140
-1.328821 0.943098 2.087319
-1.357132 0.941788 2.035123
-1.387251 0.941597 1.984070
-1.141353 0.907013 2.324522
-1.172373 0.907230 2.272719
-1.199978 0.906636 2.220559
-1.231637 0.903517 2.168579
-1.260432 0.903360 2.116055
-1.289648 0.901236 2.064723
-1.320390 0.900279 2.013867
-1.349352 0.900260 1.962386
