0.602987 1.188160 -0.332961
0.652266 1.188542 -0.366446
0.702994 1.188823 -0.399301
0.751245 1.188238 -0.434010
0.797881 1.187086 -0.468304
0.847829 1.186468 -0.502523
0.896730 1.187117 -0.537360
0.943309 1.183782 -0.573192
0.619425 1.135833 -0.307915
0.669201 1.135571 -0.341565
0.718649 1.137311 -0.374536
0.767951 1.134874 -0.410249
0.813578 1.134386 -0.442904
0.864197 1.131635 -0.473654
0.913163 1.134469 -0.513710
0.959932 1.132777 -0.549022
0.635984 1.083565 -0.283912
0.685507 1.085150 -0.318001
0.734839 1.083739 -0.350861
0.784056 1.083137 -0.387514
0.830905 1.081833 -0.419397
0.880850 1.080298 -0.455925
0.929098 1.080515 -0.488256
0.976715 1.079996 -0.524659
0.652210 1.032161 -0.260213
0.701734 1.032948 -0.291689
0.752056 1.031453 -0.328366
0.799109 1.029882 -0.363301
0.848189 1.030523 -0.397566
0.896161 1.028974 -0.432396
0.945963 1.028545 -0.466123
0.992969 1.028245 -0.501056
0.668811 0.979389 -0.235381
0.719197 0.980375 -0.270791
0.767308 0.978362 -0.303331
0.815119 0.977706 -0.339971
0.865536 0.976742 -0.373776
0.912316 0.977001 -0.408737
0.961217 0.975131 -0.442347
1.008903 0.975015 -0.477327
0.685920 0.927493 -0.211003
0.734853 0.928367 -0.246564
0.783892 0.927050 -0.279611
0.832065 0.924857 -0.316250
0.881521 0.924393 -0.350154
0.929746 0.923135 -0.384349
0.977339 0.922865 -0.419870
1.025782 0.922545 -0.453533
