0.711896 1.201734 1.694965
0.696372 1.201570 1.637530
0.683489 1.201071 1.578583
0.665465 1.199652 1.520978
0.645921 1.196595 1.467179
0.629432 1.195704 1.409070
0.612317 1.195762 1.351360
0.593134 1.192091 1.295926
0.737111 1.147336 1.689239
0.720612 1.146023 1.631490
0.706321 1.147233 1.574004
0.688516 1.143939 1.515261
0.671382 1.142612 1.462593
0.652262 1.141527 1.402966
0.636146 1.140939 1.345170
0.617733 1.138715 1.289762
0.760943 1.092778 1.683538
0.744524 1.093367 1.625614
0.730093 1.091186 1.568474
0.711183 1.090130 1.509377
0.694965 1.087425 1.455606
0.676249 1.085399 1.396597
0.660922 1.084543 1.340586
0.642018 1.083729 1.283675
0.785057 1.039394 1.677538
0.767972 1.038874 1.619752
0.752957 1.036900 1.561195
0.734615 1.034741 1.504824
0.717554 1.034120 1.447990
0.699452 1.031708 1.391645
0.683648 1.030745 1.333596
0.665867 1.029816 1.277606
0.810102 0.984527 1.671623
0.793616 0.981872 1.613836
0.776946 0.981170 1.556967
0.757670 0.980238 1.499728
0.741511 0.978215 1.441222
0.723369 0.977777 1.385710
0.707144 0.975247 1.328447
0.689701 0.974680 1.272004
0.834727 0.930680 1.665235
0.816033 0.930009 1.607789
0.799751 0.927614 1.550984
0.781010 0.925009 1.493386
0.765095 0.924081 1.435440
0.747652 0.921774 1.378966
0.729789 0.921019 1.322428
0.713464 0.920149 1.265455
