-0.887207 1.202269 -0.299271
-0.857077 1.202048 -0.350747
-0.825102 1.201408 -0.401923
-0.796557 1.200282 -0.454355
-0.769186 1.198969 -0.505667
-0.739404 1.197527 -0.558091
-0.709151 1.198002 -0.610237
-0.682953 1.194479 -0.662920
-0.867239 1.146833 -0.286383
-0.836768 1.145856 -0.338207
-0.806922 1.146586 -0.389611
-0.777250 1.144112 -0.442834
-0.749545 1.143441 -0.491835
-0.720968 1.142548 -0.547361
-0.689741 1.142110 -0.598757
-0.663014 1.140235 -0.650600
-0.847587 1.091400 -0.274531
-0.817565 1.092499 -0.326423
-0.786897 1.090454 -0.377519
-0.758531 1.089475 -0.431929
-0.729732 1.087647 -0.480993
-0.700475 1.085573 -0.535389
-0.670647 1.085245 -0.585345
-0.643500 1.084245 -0.638675
-0.828255 1.037052 -0.262686
-0.798414 1.037221 -0.314977
-0.767667 1.035194 -0.367367
-0.740040 1.033543 -0.419643
-0.710087 1.033453 -0.471219
-0.682243 1.031488 -0.523522
-0.651866 1.030236 -0.575400
-0.624022 1.029740 -0.627080
-0.808193 0.981377 -0.250069
-0.778554 0.981538 -0.304038
-0.749150 0.978689 -0.354114
-0.721640 0.978399 -0.407826
-0.690003 0.976769 -0.459866
-0.664033 0.976079 -0.512107
-0.633600 0.973947 -0.563349
-0.604944 0.973751 -0.615010
-0.787946 0.926465 -0.238233
-0.760229 0.926442 -0.291622
-0.730193 0.924421 -0.342971
-0.702878 0.921949 -0.396900
-0.670165 0.921209 -0.447262
-0.642393 0.919485 -0.499733
-0.614515 0.918727 -0.552155
-0.585293 0.918283 -0.603386
