-0.721231 1.272682 1.007572
-0.780706 1.274598 1.010100
-0.841321 1.275338 1.011191
-0.901396 1.277295 1.014304
-0.959532 1.278176 1.016239
-1.020008 1.279348 1.018243
-1.080119 1.281600 1.020009
-1.138859 1.282486 1.021829
-0.722670 1.216557 0.985449
-0.782705 1.217609 0.987427
-0.842235 1.220193 0.990572
-0.902514 1.220110 0.991567
-0.962096 1.221666 0.994446
-1.022431 1.223721 0.996684
-1.082685 1.225244 0.999554
-1.141497 1.226111 1.001316
-0.724559 1.160289 0.963982
-0.784547 1.163586 0.966319
-0.844354 1.163199 0.967951
-0.905176 1.165403 0.970556
-0.963070 1.165022 0.972313
-1.025162 1.166457 0.974540
-1.083573 1.167494 0.977143
-1.144153 1.170084 0.980008
-0.726305 1.104952 0.943483
-0.786637 1.107192 0.945179
-0.847634 1.107244 0.947355
-0.906235 1.108567 0.948903
-0.968937 1.110485 0.951865
-1.026378 1.111115 0.953719
-1.087060 1.112387 0.956336
-1.146452 1.113984 0.958820
-0.728169 1.047894 0.921899
-0.789983 1.050285 0.924790
-0.843897 1.050453 0.925684
-0.908034 1.052366 0.928461
-0.969943 1.052683 0.930732
-1.028511 1.055462 0.933286
-1.088305 1.055013 0.935425
-1.148317 1.057787 0.938148
-0.730571 0.992350 0.900821
-0.791300 0.994618 0.903920
-0.850869 0.994860 0.905772
-0.910939 0.995737 0.907816
-0.971843 0.996901 0.910471
-1.031319 0.997462 0.911364
-1.090887 0.999642 0.914914
-1.150457 1.001354 0.916826
