0.553842 1.266010 0.469610
0.509023 1.267243 0.508577
0.461524 1.267781 0.546720
0.416478 1.269138 0.586502
0.372150 1.269422 0.623784
0.325641 1.270180 0.662541
0.279702 1.271788 0.701667
0.234940 1.271859 0.739410
0.535688 1.212686 0.448000
0.489378 1.213343 0.486713
0.445079 1.215119 0.526361
0.398058 1.214890 0.564344
0.353122 1.215704 0.603369
0.306606 1.217625 0.642267
0.261146 1.218558 0.681440
0.215912 1.218809 0.719557
0.516865 1.159651 0.427464
0.471965 1.161702 0.466642
0.425909 1.160657 0.505156
0.379600 1.162246 0.544632
0.330229 1.161853 0.581777
0.287584 1.162574 0.621696
0.243138 1.165143 0.659536
0.197229 1.165046 0.699410
0.499236 1.106772 0.407179
0.453066 1.108739 0.446326
0.406510 1.107858 0.485934
0.362075 1.108276 0.523435
0.316018 1.109683 0.563246
0.270447 1.110158 0.601317
0.224261 1.110702 0.640647
0.178590 1.112403 0.679085
0.480729 1.052846 0.386072
0.434199 1.054790 0.426733
0.388907 1.053623 0.463717
0.344518 1.055113 0.503240
0.296723 1.055058 0.542867
0.252265 1.057188 0.581308
0.206206 1.056771 0.619498
0.160682 1.058485 0.658630
0.452380 0.999594 0.365827
0.416405 1.001649 0.406158
0.371299 1.000765 0.444332
0.324908 1.001447 0.483023
0.278744 1.001612 0.522525
0.232414 1.002356 0.559978
0.187931 1.003614 0.599608
0.141857 1.004722 0.637302
