-0.455668 1.270854 0.921392
-0.512094 1.272364 0.940890
-0.569654 1.272963 0.959006
-0.626395 1.274688 0.979282
-0.681666 1.275760 0.997234
-0.739174 1.276641 1.016415
-0.796286 1.279091 1.035081
-0.852093 1.279203 1.053540
-0.463366 1.214710 0.900729
-0.519941 1.215410 0.919810
-0.576415 1.217815 0.939608
-0.633209 1.218209 0.957325
-0.692231 1.219155 0.977181
-0.747468 1.221369 0.996442
-0.804582 1.222305 1.016010
-0.860430 1.222509 1.034285
-0.471077 1.158524 0.880784
-0.528022 1.161130 0.899928
-0.584647 1.160987 0.918753
-0.642302 1.162800 0.938278
-0.697341 1.162549 0.956200
-0.756323 1.163742 0.976971
-0.811491 1.164839 0.994774
-0.868867 1.166873 1.014763
-0.478677 1.102881 0.861438
-0.535970 1.105580 0.880331
-0.593852 1.105162 0.899840
-0.649275 1.106165 0.917714
-0.706960 1.107744 0.937616
-0.763106 1.108637 0.956348
-0.820830 1.109474 0.975941
-0.876902 1.111314 0.995213
-0.489218 1.044834 0.841387
-0.544590 1.048616 0.861823
-0.600256 1.047737 0.879078
-0.656896 1.050467 0.898727
-0.715438 1.050307 0.918235
-0.770933 1.052595 0.937450
-0.827620 1.052543 0.956110
-0.884721 1.054651 0.975741
-0.494409 0.990052 0.821871
-0.551799 0.992712 0.841994
-0.608396 0.992801 0.860644
-0.665256 0.993272 0.879610
-0.723072 0.993905 0.899190
-0.779797 0.995099 0.916815
-0.836064 0.996807 0.937179
-0.897503 0.997835 0.953811
