0.564187 1.258339 0.721690
0.519993 1.260092 0.761651
0.474384 1.260514 0.801165
0.430134 1.262344 0.841983
0.386493 1.262913 0.880323
0.341062 1.264110 0.920444
0.296030 1.266171 0.960344
0.251967 1.266629 0.998998
0.545354 1.204719 0.701296
0.500923 1.205292 0.741460
0.456831 1.207844 0.781649
0.411170 1.207904 0.820771
0.366925 1.209171 0.860385
0.322175 1.211036 0.901373
0.277456 1.212266 0.941727
0.233244 1.212992 0.980614
0.527272 1.150675 0.682025
0.482535 1.153737 0.722257
0.437529 1.153144 0.761763
0.392412 1.155227 0.802358
0.348692 1.155125 0.840480
0.302348 1.156143 0.881737
0.259088 1.156736 0.921008
0.214369 1.158767 0.961922
0.509001 1.097766 0.663094
0.464163 1.099782 0.703333
0.418232 1.099667 0.743959
0.374611 1.100501 0.782417
0.329495 1.102499 0.823370
0.285031 1.102977 0.862441
0.239694 1.103945 0.903075
0.195655 1.105490 0.943087
0.490562 1.043088 0.643328
0.445097 1.045526 0.685213
0.400663 1.044744 0.723274
0.356783 1.046369 0.763598
0.310292 1.047155 0.804672
0.266614 1.049714 0.844037
0.221941 1.049217 0.883481
0.177256 1.051480 0.923872
0.472130 0.989502 0.624658
0.427238 0.991727 0.665853
0.382521 0.991721 0.705286
0.337518 0.992587 0.745072
0.292346 0.993309 0.786042
0.247047 0.994231 0.824425
0.203253 0.995976 0.865121
0.158541 0.997403 0.904386
