-0.048863 1.247451 1.595888
0.010970 1.248406 1.598436
0.069894 1.251202 1.601917
0.129492 1.251433 1.604816
0.189447 1.250421 1.605067
0.249776 1.251928 1.609454
0.309081 1.251184 1.611430
0.369860 1.251222 1.609745
-0.048606 1.197542 1.629212
0.010993 1.199406 1.631660
0.069765 1.199563 1.635856
0.128716 1.201516 1.637583
0.189464 1.199968 1.638537
0.249505 1.202367 1.640813
0.307882 1.201387 1.644110
0.369068 1.202037 1.643075
-0.049317 1.147532 1.662873
0.009689 1.149215 1.665405
0.069471 1.149420 1.667858
0.129021 1.150187 1.670944
0.188485 1.150602 1.671096
0.247259 1.150872 1.673285
0.308206 1.151053 1.676941
0.368253 1.151209 1.676364
-0.049695 1.097957 1.695448
0.010529 1.099828 1.697441
0.068143 1.100638 1.700039
0.130509 1.101176 1.702595
0.187220 1.100284 1.704358
0.248416 1.100952 1.705320
0.307736 1.100930 1.709348
0.367626 1.102039 1.708818
-0.050384 1.047646 1.728562
0.008509 1.048525 1.731722
0.068001 1.049047 1.733709
0.131019 1.050519 1.735440
0.187355 1.051008 1.736304
0.247857 1.049559 1.737941
0.307013 1.051473 1.739769
0.367118 1.052304 1.742354
-0.050229 0.998161 1.761283
0.008115 0.998575 1.765114
0.068002 0.999746 1.766292
0.128698 0.999190 1.767149
0.187000 0.999922 1.768889
0.246213 1.000257 1.770091
0.306485 1.000599 1.772367
0.365728 1.002362 1.775282
