0.673560 1.248776 1.604897
0.730189 1.249726 1.624303
0.785532 1.252773 1.644425
0.841918 1.253318 1.664297
0.899384 1.251824 1.680586
0.956095 1.253504 1.702014
1.012436 1.252909 1.720502
1.071392 1.252891 1.735889
0.664428 1.199005 1.637062
0.720846 1.200788 1.656121
0.776035 1.201076 1.676763
0.832099 1.203152 1.695206
0.890165 1.201519 1.712681
0.947120 1.204022 1.731876
1.002193 1.203068 1.751522
1.061127 1.203745 1.767338
0.654398 1.148853 1.669063
0.710390 1.150279 1.687976
0.766720 1.150713 1.707103
0.823159 1.151548 1.727054
0.880071 1.152014 1.743706
0.936038 1.152521 1.762513
0.993317 1.152500 1.782726
1.051198 1.152855 1.799062
0.644855 1.099195 1.700143
0.702092 1.101138 1.718974
0.756618 1.101788 1.737422
0.815742 1.102617 1.757507
0.869684 1.101570 1.775185
0.928081 1.102507 1.793186
0.983925 1.102366 1.813697
1.041576 1.103620 1.829872
0.635011 1.048928 1.731560
0.690728 1.049611 1.750900
0.747146 1.050079 1.769402
0.807135 1.051690 1.789020
0.860688 1.052221 1.805753
0.918572 1.050959 1.824279
0.974723 1.053012 1.842623
1.031626 1.053580 1.861697
0.625998 0.999222 1.762865
0.680865 0.999596 1.782811
0.738288 1.000665 1.800621
0.796117 1.000306 1.818698
0.851448 1.001147 1.836772
0.908091 1.001722 1.854570
0.965092 1.001864 1.873356
1.021183 1.003704 1.892780
