0.202772 1.244410 -0.488093
0.261921 1.245139 -0.478287
0.320114 1.247401 -0.468044
0.378844 1.247423 -0.458225
0.438185 1.246169 -0.451189
0.497553 1.247939 -0.438477
0.556419 1.246757 -0.429867
0.617024 1.246230 -0.425175
0.198782 1.194704 -0.454455
0.257903 1.196134 -0.445277
0.315865 1.195921 -0.434489
0.373970 1.197852 -0.425619
0.433964 1.196026 -0.417725
0.493394 1.198483 -0.407453
0.551114 1.197021 -0.397680
0.612070 1.196915 -0.392509
0.193962 1.144908 -0.420963
0.252384 1.146092 -0.411594
0.311271 1.146003 -0.402285
0.370052 1.146254 -0.392390
0.429166 1.146522 -0.384987
0.487088 1.146981 -0.375389
0.547291 1.146453 -0.364951
0.606938 1.146196 -0.359444
0.189361 1.095434 -0.388577
0.249248 1.096832 -0.379561
0.306138 1.097044 -0.370751
0.367478 1.097386 -0.360666
0.423623 1.096484 -0.351811
0.484302 1.097034 -0.343634
0.542934 1.096484 -0.332939
0.602283 1.097100 -0.327122
0.184631 1.045206 -0.355726
0.242935 1.045733 -0.345719
0.301732 1.045695 -0.337344
0.363912 1.046849 -0.327619
0.419552 1.047163 -0.319875
0.479533 1.045636 -0.311254
0.538142 1.047189 -0.302934
0.597387 1.047410 -0.293687
0.180838 0.995845 -0.323071
0.238322 0.995772 -0.312708
0.297632 0.996425 -0.304761
0.357612 0.995647 -0.296539
0.415304 0.996166 -0.287594
0.473955 0.996235 -0.279869
0.533503 0.996175 -0.270803
0.591991 0.997669 -0.260877
