-1.291688 1.242505 0.654046
-1.233727 1.243301 0.639678
-1.173353 1.245391 0.627456
-1.115464 1.245881 0.613019
-1.058330 1.244749 0.595725
-0.999211 1.246144 0.582547
-0.941819 1.246053 0.567516
-0.884144 1.246044 0.548093
-1.278719 1.192829 0.688078
-1.221435 1.194125 0.672835
-1.163809 1.194353 0.659816
-1.106840 1.195852 0.644139
-1.048596 1.194027 0.627200
-0.990385 1.196465 0.612557
-0.933596 1.196200 0.599001
-0.875534 1.196060 0.579840
-1.269881 1.141589 0.719752
-1.212802 1.143024 0.704763
-1.155070 1.143485 0.690047
-1.097121 1.144031 0.675774
-1.040007 1.144191 0.658474
-0.982998 1.144913 0.643866
-0.924073 1.145444 0.629902
-0.866497 1.145023 0.611471
-1.260990 1.091751 0.750603
-1.203020 1.094128 0.735248
-1.146967 1.093892 0.720367
-1.086738 1.094767 0.705037
-1.032092 1.094597 0.690960
-0.973160 1.095206 0.673970
-0.914905 1.094418 0.660293
-0.858062 1.096156 0.642905
-1.252361 1.041215 0.782020
-1.195023 1.042125 0.767967
-1.137569 1.042160 0.752300
-1.076842 1.043950 0.736303
-1.022804 1.045308 0.721501
-0.964232 1.043870 0.705391
-0.907101 1.045779 0.689915
-0.848749 1.046018 0.674748
-1.242944 0.991573 0.813215
-1.186166 0.992402 0.800056
-1.128318 0.992949 0.783130
-1.069886 0.992126 0.766628
-1.013810 0.993964 0.752356
-0.956616 0.994279 0.736317
-0.898459 0.994653 0.721297
-0.840961 0.996446 0.707003
