1.145744 1.246081 -0.414022
1.195902 1.246089 -0.381010
1.244933 1.247784 -0.347992
1.294264 1.247332 -0.314826
1.346107 1.245176 -0.284821
1.395314 1.246248 -0.249574
1.446171 1.244249 -0.218083
1.499690 1.243005 -0.189241
1.128008 1.195622 -0.385473
1.178728 1.196578 -0.353418
1.227455 1.195692 -0.320194
1.277393 1.196921 -0.288464
1.329067 1.194288 -0.257117
1.379428 1.195939 -0.223793
1.428152 1.193816 -0.191541
1.481958 1.193499 -0.161840
1.109939 1.145300 -0.357647
1.159863 1.146218 -0.325930
1.210652 1.145090 -0.293756
1.260184 1.144916 -0.260446
1.311376 1.144386 -0.230158
1.360447 1.144104 -0.197724
1.412028 1.142798 -0.164364
1.463515 1.142180 -0.134577
1.092922 1.095438 -0.330725
1.143568 1.096025 -0.298166
1.193296 1.095359 -0.267786
1.245253 1.095568 -0.233799
1.293022 1.093723 -0.203083
1.345241 1.093767 -0.171048
1.394344 1.092716 -0.137425
1.446365 1.092684 -0.107963
1.075607 1.044934 -0.303898
1.124215 1.044566 -0.270777
1.175100 1.043821 -0.239802
1.227520 1.044358 -0.205211
1.276395 1.044012 -0.176355
1.327570 1.041904 -0.144011
1.377912 1.042745 -0.112692
1.428515 1.042292 -0.080068
1.057974 0.994950 -0.275822
1.106500 0.993896 -0.243241
1.157863 0.994043 -0.212168
1.209296 0.992562 -0.180183
1.258270 0.992689 -0.148561
1.309661 0.992461 -0.118335
1.360031 0.991779 -0.085787
1.408148 0.992393 -0.051867
