0.192282 1.245663 0.444164
0.251327 1.246438 0.454064
0.309464 1.248791 0.464401
0.368309 1.248934 0.474221
0.427566 1.247751 0.481705
0.487057 1.249216 0.493820
0.545810 1.248349 0.502957
0.606619 1.248212 0.507963
0.188345 1.195568 0.477060
0.247274 1.197147 0.486555
0.305309 1.197122 0.497637
0.363497 1.198733 0.506228
0.423560 1.197205 0.514665
0.482930 1.199461 0.524518
0.540619 1.198198 0.534595
0.601728 1.198450 0.540507
0.183570 1.145372 0.510038
0.241797 1.146627 0.519483
0.300763 1.146835 0.529177
0.359647 1.147029 0.539043
0.418695 1.147381 0.546622
0.476730 1.147771 0.556135
0.536883 1.147444 0.566735
0.596524 1.147432 0.573103
0.179258 1.095459 0.541846
0.238808 1.097083 0.551032
0.295715 1.097459 0.560276
0.357240 1.097820 0.570034
0.413394 1.096974 0.579119
0.473921 1.097465 0.587336
0.532458 1.097257 0.598317
0.591836 1.097941 0.604835
0.174480 1.044931 0.574086
0.232717 1.045532 0.584261
0.291393 1.045624 0.593041
0.353669 1.047033 0.602579
0.409466 1.047332 0.610519
0.469445 1.045855 0.619407
0.528000 1.047590 0.628121
0.587180 1.048129 0.637802
0.170507 0.995173 0.606355
0.228093 0.995090 0.616904
0.287675 0.995964 0.624874
0.347625 0.995350 0.633166
0.405275 0.996140 0.642244
0.463847 0.996364 0.650641
0.523243 0.996271 0.659883
0.581791 0.997984 0.669959
