-1.548258 1.245193 -0.350081
-1.491547 1.245776 -0.370907
-1.436793 1.248588 -0.391685
-1.380767 1.248520 -0.412810
-1.325932 1.246895 -0.436964
-1.269135 1.248520 -0.457168
-1.213961 1.247696 -0.479067
-1.158604 1.247312 -0.505244
-1.536384 1.194595 -0.320206
-1.480204 1.196422 -0.341799
-1.424921 1.196627 -0.361467
-1.369967 1.198187 -0.383634
-1.312715 1.196794 -0.406815
-1.257881 1.198644 -0.428961
-1.202044 1.197874 -0.448731
-1.146703 1.198186 -0.474208
-1.523340 1.144526 -0.288765
-1.467677 1.145887 -0.310311
-1.412494 1.146225 -0.331671
-1.356213 1.146847 -0.352957
-1.300149 1.147639 -0.376508
-1.246182 1.147580 -0.397762
-1.189808 1.146848 -0.419422
-1.134138 1.147480 -0.443607
-1.510895 1.095155 -0.258923
-1.455437 1.096643 -0.281345
-1.400827 1.097359 -0.302097
-1.342560 1.097749 -0.324681
-1.290295 1.096504 -0.345936
-1.233629 1.097125 -0.369320
-1.176474 1.097569 -0.389081
-1.122010 1.098071 -0.413647
-1.498474 1.044995 -0.228602
-1.443425 1.045427 -0.249456
-1.388024 1.045784 -0.271445
-1.330274 1.047206 -0.295090
-1.278356 1.046999 -0.316713
-1.221308 1.045687 -0.339403
-1.166434 1.047792 -0.361240
-1.109285 1.048708 -0.382799
-1.485617 0.995445 -0.198707
-1.431528 0.995181 -0.218751
-1.375488 0.996453 -0.241705
-1.319267 0.996003 -0.264762
-1.265572 0.996221 -0.286701
-1.210547 0.996569 -0.309372
-1.154415 0.996658 -0.331465
-1.099537 0.997828 -0.352780
