0.992149 1.246718 0.533398
1.047046 1.247482 0.557138
1.101135 1.249981 0.581215
1.155496 1.249842 0.604702
1.211474 1.248978 0.626376
1.266267 1.250691 0.652268
1.320851 1.249480 0.675276
1.378573 1.249589 0.694867
0.980272 1.196798 0.564818
1.035262 1.198516 0.588233
1.088947 1.198713 0.612711
1.143301 1.200359 0.635345
1.200337 1.198489 0.657085
1.254519 1.200885 0.681476
1.308373 1.199808 0.705243
1.366372 1.200285 0.725570
0.967741 1.146894 0.596144
1.021933 1.148284 0.619147
1.076737 1.148546 0.642707
1.131467 1.148776 0.666506
1.187011 1.149436 0.688140
1.241147 1.149715 0.711372
1.296922 1.149531 0.735915
1.353063 1.149212 0.756580
0.955647 1.097265 0.626208
1.011181 1.099074 0.649541
1.064041 1.099023 0.671954
1.121686 1.099977 0.696405
1.173946 1.099100 0.718583
1.230775 1.099711 0.741218
1.285272 1.099416 0.765799
1.340771 1.100151 0.786700
0.943143 1.047044 0.656882
0.997252 1.047685 0.680573
1.052039 1.047999 0.703373
1.110373 1.049395 0.727378
1.162318 1.049514 0.748565
1.218670 1.048382 0.771701
1.273264 1.050193 0.794252
1.328210 1.050429 0.817692
0.931327 0.997163 0.687523
0.984547 0.997384 0.711555
1.040424 0.998185 0.733678
1.096831 0.997681 0.756072
1.150741 0.998671 0.778704
1.205375 0.998894 0.800943
1.261058 0.999104 0.824263
1.315222 1.000451 0.847924
