-0.637645 1.244567 0.543155
-0.577505 1.244917 0.539612
-0.518730 1.247804 0.537203
-0.459174 1.248137 0.534197
-0.399773 1.246988 0.528462
-0.338911 1.248651 0.527369
-0.279642 1.247562 0.523063
-0.219471 1.247585 0.515174
-0.634145 1.194628 0.576404
-0.574548 1.196458 0.572979
-0.515498 1.196580 0.571191
-0.456640 1.198291 0.566935
-0.396289 1.196620 0.561907
-0.335900 1.198531 0.558332
-0.277630 1.197947 0.555938
-0.217016 1.198423 0.548706
-0.631412 1.144857 0.610251
-0.572450 1.146222 0.606809
-0.512905 1.146438 0.603260
-0.453232 1.146943 0.600466
-0.393988 1.147249 0.594697
-0.335185 1.147697 0.591360
-0.274223 1.147664 0.588692
-0.214602 1.147633 0.582014
-0.628703 1.095331 0.642724
-0.568463 1.096977 0.638806
-0.510893 1.097333 0.635238
-0.448655 1.097957 0.631642
-0.392019 1.097212 0.628227
-0.331017 1.097751 0.622964
-0.271571 1.097589 0.621133
-0.212028 1.098509 0.614501
-0.626143 1.045128 0.675787
-0.567118 1.045849 0.673053
-0.507915 1.046051 0.668845
-0.444641 1.046863 0.664253
-0.388869 1.047849 0.660073
-0.328241 1.046464 0.655683
-0.269207 1.048190 0.651427
-0.209358 1.048936 0.648070
-0.622925 0.995845 0.708839
-0.564379 0.995812 0.706475
-0.504199 0.996203 0.701066
-0.444228 0.996162 0.696385
-0.385966 0.996888 0.692608
-0.326769 0.997261 0.687855
-0.266922 0.997436 0.684145
-0.207559 0.999128 0.681151
