-0.586821 1.243489 -0.524978
-0.527311 1.244587 -0.529035
-0.468099 1.246691 -0.532655
-0.409208 1.246790 -0.536814
-0.349188 1.245156 -0.543146
-0.288713 1.246388 -0.545902
-0.229422 1.245537 -0.550798
-0.169151 1.245337 -0.559750
-0.582964 1.193802 -0.491782
-0.523200 1.195106 -0.496170
-0.464602 1.194890 -0.498870
-0.405850 1.196438 -0.504116
-0.345424 1.194817 -0.510229
-0.285468 1.196790 -0.514762
-0.227217 1.195642 -0.518518
-0.167048 1.195938 -0.526979
-0.580096 1.143948 -0.458263
-0.520602 1.143903 -0.462146
-0.461358 1.144498 -0.466927
-0.402315 1.145118 -0.471155
-0.342766 1.145207 -0.477736
-0.284223 1.145485 -0.482321
-0.223717 1.145169 -0.486237
-0.164169 1.145108 -0.493897
-0.577045 1.094381 -0.425973
-0.517119 1.095532 -0.431165
-0.459619 1.095789 -0.435315
-0.397078 1.095911 -0.439912
-0.340406 1.094833 -0.444708
-0.279532 1.095356 -0.450672
-0.220143 1.095203 -0.453629
-0.160919 1.095641 -0.461519
-0.573881 1.044000 -0.393197
-0.514993 1.044583 -0.397102
-0.456117 1.044198 -0.402095
-0.393780 1.045159 -0.407980
-0.337620 1.045302 -0.413507
-0.276759 1.043972 -0.418535
-0.217476 1.045700 -0.423302
-0.157833 1.046152 -0.428121
-0.570263 0.994542 -0.360787
-0.511763 0.994287 -0.364120
-0.452434 0.994918 -0.369910
-0.392497 0.993843 -0.376031
-0.334240 0.994310 -0.381037
-0.275276 0.994609 -0.386633
-0.214935 0.994696 -0.391038
-0.155567 0.996184 -0.395217
