-0.735193 1.243837 1.641004
-0.675630 1.244772 1.634491
-0.616903 1.247115 1.628660
-0.557604 1.247151 1.621869
-0.498438 1.246296 1.613437
-0.438090 1.247336 1.608105
-0.379103 1.246711 1.601325
-0.319250 1.246650 1.590205
-0.729881 1.193782 1.673824
-0.670668 1.195455 1.667091
-0.611931 1.195581 1.662076
-0.553561 1.197273 1.654411
-0.493182 1.195757 1.646167
-0.433718 1.197649 1.638963
-0.375326 1.196776 1.633488
-0.315102 1.197226 1.622952
-0.725606 1.143581 1.706926
-0.666931 1.145111 1.700289
-0.607559 1.145243 1.693508
-0.548181 1.145643 1.687106
-0.489107 1.146022 1.678233
-0.430995 1.146134 1.671462
-0.370172 1.146137 1.665551
-0.310934 1.146197 1.655822
-0.721131 1.094023 1.738937
-0.661280 1.095536 1.731537
-0.603883 1.096139 1.725055
-0.542091 1.096517 1.717920
-0.485473 1.095544 1.711065
-0.425198 1.096024 1.702387
-0.365767 1.095962 1.697556
-0.306746 1.096958 1.687748
-0.716793 1.043341 1.771385
-0.658057 1.044178 1.765270
-0.599048 1.044333 1.757868
-0.536618 1.045859 1.750091
-0.480784 1.046007 1.742257
-0.420684 1.044667 1.734748
-0.361962 1.046397 1.727422
-0.302263 1.047068 1.720791
-0.711802 0.993841 1.803513
-0.653458 0.993755 1.797978
-0.594084 0.994847 1.789766
-0.534115 0.994391 1.781653
-0.476174 0.995050 1.774533
-0.417490 0.995219 1.766560
-0.357730 0.995315 1.759505
-0.298695 0.996947 1.753262
