-1.440064 1.242991 1.743631
-1.390558 1.244059 1.709968
-1.341261 1.246446 1.677225
-1.291837 1.247034 1.644052
-1.243961 1.245866 1.608191
-1.192382 1.247919 1.576500
-1.143761 1.247149 1.542266
-1.096693 1.246895 1.503954
-1.420210 1.192507 1.769679
-1.371047 1.194465 1.735931
-1.321278 1.194884 1.704030
-1.273208 1.196642 1.669974
-1.224174 1.195323 1.634721
-1.174529 1.198880 1.601565
-1.125590 1.196775 1.568434
-1.078022 1.198003 1.530968
-1.401049 1.142250 1.796612
-1.352036 1.143886 1.763317
-1.302817 1.144209 1.729692
-1.253406 1.144793 1.696206
-1.205823 1.146428 1.661427
-1.157033 1.146996 1.628385
-1.106407 1.146578 1.594103
-1.058925 1.146749 1.557655
-1.381983 1.092579 1.822675
-1.332480 1.094221 1.788017
-1.284945 1.095011 1.755428
-1.233667 1.095451 1.720108
-1.187240 1.095739 1.688287
-1.137266 1.095443 1.652167
-1.087131 1.095541 1.619656
-1.040429 1.097122 1.583545
-1.363070 1.041435 1.848835
-1.313860 1.042508 1.815954
-1.266021 1.044920 1.782655
-1.213907 1.044587 1.745801
-1.168831 1.047155 1.713792
-1.118411 1.043634 1.677896
-1.070308 1.046471 1.644330
-1.020998 1.047212 1.610285
-1.344339 0.993966 1.875409
-1.295300 0.994116 1.843342
-1.246118 0.993121 1.807296
-1.197543 0.994570 1.772571
-1.148873 0.993413 1.738546
-1.101199 0.994881 1.704399
-1.051792 0.995279 1.670203
-1.002708 0.996967 1.636993
