0.290288 1.258008 1.229455
0.347846 1.263161 1.216571
0.406847 1.265110 1.204453
0.465991 1.269023 1.192127
0.522754 1.272640 1.180011
0.581359 1.275897 1.166861
0.640308 1.279887 1.154735
0.698840 1.283275 1.142210
0.289248 1.201567 1.211023
0.346653 1.205350 1.197872
0.405737 1.209284 1.185252
0.464671 1.211380 1.172664
0.522866 1.215104 1.160168
0.581611 1.219607 1.148192
0.639970 1.222050 1.135134
0.698397 1.225724 1.122149
0.288163 1.143780 1.192304
0.347581 1.146415 1.178867
0.404277 1.150241 1.165787
0.465064 1.154569 1.152875
0.521465 1.158916 1.141454
0.580985 1.161493 1.128704
0.639195 1.166897 1.116224
0.698140 1.169016 1.103514
0.287524 1.087292 1.174095
0.345518 1.090192 1.161050
0.404722 1.094312 1.148227
0.462530 1.098318 1.135522
0.522178 1.101214 1.122500
0.578882 1.104837 1.110649
0.638580 1.110318 1.097909
0.697713 1.112318 1.085352
0.287113 1.029682 1.155599
0.346080 1.032269 1.142724
0.404177 1.037419 1.130224
0.461463 1.039640 1.117555
0.521816 1.044628 1.104394
0.580039 1.047037 1.091692
0.636898 1.053296 1.079857
0.697684 1.054993 1.066597
0.286901 0.972542 1.136896
0.344731 0.975795 1.124606
0.402947 0.978740 1.111126
0.461027 0.982615 1.099591
0.520685 0.986742 1.086660
0.579210 0.990519 1.074068
0.637271 0.995562 1.061915
0.696784 0.997625 1.048380
