0.150229 1.254580 1.028220
0.209569 1.259391 1.024009
0.269793 1.261340 1.022523
0.330006 1.264964 1.019630
0.387957 1.269040 1.016401
0.447884 1.271771 1.012190
0.508098 1.275993 1.009165
0.567741 1.278931 1.005554
0.152384 1.197777 1.011029
0.211316 1.201481 1.007715
0.271494 1.205281 1.004062
0.331644 1.207652 1.000326
0.391061 1.211178 0.996217
0.450975 1.215940 0.993354
0.510441 1.218161 0.989272
0.570327 1.219388 0.985353
0.153985 1.140808 0.991529
0.214774 1.143418 0.987129
0.273062 1.146841 0.983852
0.334835 1.150700 0.980479
0.392453 1.155364 0.977405
0.453235 1.157746 0.973887
0.512522 1.163217 0.970378
0.572745 1.165083 0.966430
0.156132 1.084132 0.973237
0.215416 1.087065 0.969134
0.276035 1.090824 0.965579
0.334972 1.095022 0.962287
0.395960 1.098042 0.958041
0.453757 1.101516 0.955019
0.514729 1.106345 0.951893
0.575098 1.108971 0.947868
0.158730 1.027037 0.954356
0.218511 1.029358 0.950739
0.277933 1.034506 0.947329
0.336670 1.036430 0.943381
0.398211 1.041352 0.939862
0.457766 1.043435 0.936020
0.515861 1.049068 0.933127
0.577696 1.051638 0.929009
0.161376 0.970023 0.935008
0.220029 0.972817 0.932355
0.279539 0.975872 0.927698
0.338849 0.979410 0.925323
0.399782 0.983248 0.921661
0.459496 0.987390 0.917973
0.518686 0.992041 0.914815
0.579686 0.994382 0.910419
