0.1365 1.3347 0.7447
0.0568 1.3357 0.7518
-0.0210 1.3401 0.7608
-0.1012 1.3406 0.7684
-0.1780 1.3428 0.7761
-0.2498 1.3437 0.7842

0.1319 1.2624 0.7120
0.0523 0.1264 0.7195
-0.0286 1.2627 0.7269
-0.1076 1.2634 0.7351
-0.1887 1.2654 0.7428
-0.2684 1.2667 0.7495

0.1257 1.1882 0.6788
0.0451 1.1881 0.6866
-0.0329 1.1893 0.6950
-0.1124 1.1918 0.7037
-0.1928 1.1921 0.7114
-0.2699 1.1936 0.7194

0.1219 1.1140 0.6474
0.0421 1.1158 0.6559
-0.0371 1.1158 0.6634
-0.1175 1.1179 0.6721
-0.1965 1.1195 0.6802
-0.2769 1.1206 0.6881

