0.7809 1.1940 1.2376
0.7039 1.1972 1.2546
0.6258 1.1964 1.2690
0.5464 1.1973 1.2852
0.4699 1.1977 1.3004
0.3908 1.1988 1.3167

0.7713 1.1330 1.1865
0.6925 1.1333 1.2021
0.6148 1.1331 1.2173
0.5382 1.1355 1.2340
0.4575 1.1363 1.2507
0.3793 1.1369 1.2660

0.7603 1.0736 1.1377
0.6826 1.0740 1.1534
0.6037 1.0735 1.1684
0.5259 1.0739 1.1840
0.4481 1.0758 1.2008
0.3690 1.0761 1.2163

0.7481 1.0098 1.0856
0.6714 1.0109 1.1021
0.5923 1.0116 1.1182
0.5147 1.0126 1.1342
0.4382 1.0131 1.1496
0.3584 1.0148 1.1664
