1.425226 1.183473 1.979446
1.414663 1.183041 2.037401
1.400959 1.183705 2.096023
1.391500 1.182798 2.155283
1.384616 1.181203 2.212454
1.373834 1.179893 2.271671
1.364504 1.180361 2.331193
1.356177 1.176774 2.388844
1.393090 1.133047 1.972391
1.382422 1.132178 2.031533
1.370425 1.133788 2.089024
1.361295 1.131451 2.149856
1.352449 1.130723 2.204692
1.344247 1.129681 2.266646
1.332977 1.129241 2.325528
1.325155 1.127283 2.383572
1.360408 1.081449 1.966326
1.350654 1.082339 2.025269
1.339298 1.082124 2.083201
1.331038 1.080952 2.144106
1.321497 1.079073 2.199828
1.312417 1.077255 2.260998
1.301395 1.077145 2.317987
1.293257 1.076386 2.377425
1.329389 1.031740 1.960135
1.319716 1.031859 2.019631
1.308702 1.031505 2.078990
1.299586 1.030031 2.137517
1.289925 1.030003 2.196234
1.281698 1.027730 2.254702
1.270619 1.027320 2.313784
1.262360 1.026582 2.371593
1.296927 0.980360 1.954057
1.288953 0.982070 2.014585
1.276403 0.978949 2.071318
1.269296 0.979479 2.131358
1.258196 0.977906 2.191053
1.250739 0.977468 2.248706
1.240001 0.975466 2.307124
1.231167 0.975131 2.365579
1.266761 0.931319 1.948079
1.256989 0.931480 2.007600
1.246608 0.930149 2.065764
1.238078 0.927918 2.126001
1.227066 0.927238 2.184963
1.217472 0.925720 2.243293
1.209419 0.924774 2.302105
1.197793 0.924712 2.359621
