-0.165084 1.139366 -0.201331
-0.152175 1.139719 -0.143317
-0.140976 1.140520 -0.084176
-0.127124 1.139796 -0.025898
-0.112646 1.138413 0.029951
-0.099062 1.137325 0.089005
-0.086882 1.139136 0.148335
-0.071136 1.135041 0.204725
-0.205557 1.095450 -0.193095
-0.192442 1.094885 -0.134280
-0.180153 1.097014 -0.076534
-0.166374 1.094540 -0.016957
-0.153620 1.094500 0.037450
-0.137545 1.093313 0.098106
-0.125236 1.093925 0.156805
-0.110253 1.091766 0.213216
-0.244880 1.051271 -0.184130
-0.231370 1.052760 -0.125689
-0.219658 1.051565 -0.067785
-0.204769 1.051065 -0.007974
-0.192660 1.049595 0.047268
-0.177669 1.047661 0.107455
-0.165778 1.048164 0.164326
-0.150234 1.047251 0.222218
-0.283994 1.008026 -0.175627
-0.270111 1.008511 -0.116870
-0.258295 1.007746 -0.057513
-0.243878 1.006007 -0.000112
-0.230612 1.006435 0.057944
-0.216024 1.004068 0.115188
-0.203914 1.004188 0.174178
-0.189270 1.003428 0.231003
-0.323738 0.963559 -0.166761
-0.309542 0.964147 -0.107186
-0.298487 0.962592 -0.050329
-0.282791 0.961865 0.008117
-0.270248 0.960775 0.067528
-0.254997 0.960107 0.123817
-0.242888 0.958772 0.182051
-0.228675 0.958742 0.239575
-0.363296 0.919981 -0.157739
-0.348211 0.920146 -0.099215
-0.336396 0.919279 -0.041262
-0.321682 0.916554 0.017447
-0.309416 0.916662 0.076096
-0.295606 0.914794 0.133575
-0.281008 0.914444 0.191211
-0.268277 0.914442 0.248853
