0.613346 1.188824 -0.330197
0.624415 1.188873 -0.271693
0.633523 1.188877 -0.212021
0.646655 1.187387 -0.153880
0.659005 1.186560 -0.097012
0.670434 1.185423 -0.037552
0.682415 1.185777 0.021346
0.696698 1.182119 0.078390
0.583389 1.136774 -0.325509
0.594446 1.135994 -0.266484
0.605491 1.137064 -0.208021
0.617487 1.134693 -0.148266
0.628025 1.134728 -0.093002
0.642210 1.133716 -0.032094
0.653581 1.133245 0.026934
0.666143 1.131672 0.084455
0.554353 1.084755 -0.320140
0.565755 1.085895 -0.261251
0.575573 1.084458 -0.202610
0.589401 1.083385 -0.142847
0.599703 1.081635 -0.087007
0.613195 1.079792 -0.026412
0.623387 1.079541 0.030772
0.637415 1.078867 0.089309
0.525070 1.033837 -0.314796
0.537175 1.033923 -0.255896
0.547674 1.032391 -0.196068
0.560601 1.030647 -0.138573
0.572231 1.030713 -0.079889
0.585120 1.028544 -0.022054
0.595689 1.028002 0.037194
0.608386 1.027577 0.094373
0.495049 0.981587 -0.309675
0.508308 0.981539 -0.249627
0.518512 0.979154 -0.192530
0.532274 0.978676 -0.133875
0.543092 0.977085 -0.073867
0.556400 0.976794 -0.017037
0.567258 0.974858 0.041440
0.579492 0.974825 0.099280
0.465361 0.930151 -0.303998
0.479412 0.929672 -0.245315
0.490054 0.928038 -0.186998
0.504031 0.925472 -0.128181
0.514588 0.925161 -0.069041
0.526340 0.923310 -0.010834
0.539564 0.922850 0.046994
0.550423 0.922412 0.104977
