-0.155369 1.142028 0.338771
-0.151708 1.142241 0.398204
-0.150287 1.143101 0.458435
-0.145592 1.142236 0.518070
-0.140202 1.140697 0.575954
-0.136282 1.139637 0.636144
-0.132066 1.140421 0.696355
-0.126435 1.136669 0.754829
-0.196656 1.098057 0.340644
-0.192952 1.097387 0.400660
-0.189763 1.099077 0.459868
-0.185744 1.097153 0.520422
-0.181422 1.096373 0.576597
-0.175360 1.095359 0.638987
-0.172527 1.095766 0.698971
-0.166577 1.093338 0.757090
-0.236639 1.053530 0.343052
-0.232148 1.054794 0.402938
-0.230027 1.053675 0.461857
-0.224654 1.053031 0.523421
-0.221538 1.051454 0.579964
-0.216169 1.049369 0.641752
-0.213202 1.049460 0.699810
-0.207203 1.048561 0.759543
-0.276145 1.009993 0.345323
-0.271747 1.010295 0.405497
-0.269401 1.009537 0.465856
-0.264377 1.007750 0.524922
-0.260388 1.008211 0.584318
-0.255200 1.005732 0.643483
-0.252226 1.005550 0.703461
-0.246677 1.004431 0.761778
-0.317006 0.965183 0.347423
-0.311943 0.965727 0.408617
-0.310185 0.964261 0.466563
-0.303751 0.963255 0.526935
-0.301095 0.962177 0.587526
-0.294736 0.961373 0.645546
-0.292389 0.959860 0.705338
-0.286756 0.959453 0.763894
-0.357238 0.921198 0.350142
-0.351765 0.921396 0.410211
-0.349296 0.920632 0.469387
-0.343354 0.917798 0.529839
-0.340715 0.917866 0.589670
-0.335974 0.915626 0.648625
-0.330543 0.915095 0.707707
-0.326939 0.914807 0.766776
