1.363821 1.139396 0.365361
1.370333 1.139497 0.424815
1.372162 1.141969 0.484198
1.379311 1.141442 0.544798
1.389984 1.137339 0.600564
1.396897 1.136664 0.660419
1.403018 1.138126 0.720112
1.411802 1.134254 0.778270
1.322703 1.095853 0.369095
1.329141 1.094688 0.429099
1.333941 1.097362 0.487184
1.339972 1.095620 0.549003
1.348850 1.093497 0.603006
1.357607 1.092629 0.665233
1.363221 1.093284 0.724755
1.371684 1.091091 0.782609
1.282577 1.051503 0.373262
1.289908 1.052559 0.432962
1.293858 1.051592 0.491353
1.301508 1.051497 0.553275
1.308614 1.048915 0.608451
1.316894 1.046914 0.669901
1.322089 1.047415 0.727791
1.331210 1.046416 0.787063
1.242870 1.008221 0.377223
1.250347 1.008134 0.437180
1.254925 1.007538 0.496987
1.261957 1.006236 0.556417
1.269848 1.005623 0.614582
1.277812 1.003434 0.673456
1.283286 1.003543 0.733269
1.291604 1.002545 0.791448
1.201954 0.963852 0.381047
1.209960 0.964022 0.442182
1.214229 0.962228 0.499692
1.223139 0.961445 0.559754
1.229246 0.960199 0.619944
1.238134 0.959392 0.677550
1.243562 0.958099 0.736841
1.251610 0.957784 0.795405
1.161582 0.920246 0.385534
1.170110 0.919903 0.445304
1.175115 0.918808 0.504126
1.183496 0.916185 0.564281
1.189426 0.915945 0.623983
1.196670 0.914102 0.682797
1.205078 0.913611 0.741464
1.211441 0.913335 0.800203
