0.755159 1.189536 0.464108
0.752721 1.189385 0.524129
0.748748 1.189003 0.583867
0.747288 1.188092 0.643670
0.747783 1.186295 0.701212
0.745479 1.185163 0.761886
0.743451 1.185631 0.821954
0.744065 1.182023 0.880904
0.724550 1.137803 0.461894
0.722143 1.136696 0.522048
0.719249 1.138204 0.581185
0.717644 1.135292 0.642197
0.716417 1.134634 0.698241
0.716328 1.133645 0.760846
0.713412 1.133409 0.820755
0.713676 1.131370 0.879114
0.694401 1.086195 0.460263
0.692347 1.087164 0.520374
0.688842 1.085188 0.579678
0.688441 1.084202 0.641132
0.686503 1.082351 0.697641
0.685687 1.080367 0.759581
0.682957 1.079872 0.817619
0.683138 1.079212 0.877628
0.664471 1.035310 0.458883
0.662659 1.035412 0.518922
0.659554 1.033667 0.579366
0.658942 1.031767 0.638512
0.657125 1.031804 0.698092
0.656737 1.029493 0.757286
0.653648 1.028854 0.817418
0.653231 1.028219 0.876095
0.633340 0.983582 0.456902
0.632321 0.983562 0.518357
0.629361 0.980880 0.576182
0.629748 0.980138 0.636556
0.626728 0.978517 0.697307
0.626978 0.978025 0.755687
0.624250 0.975943 0.815063
0.623146 0.975885 0.874119
0.602611 0.932250 0.455515
0.602635 0.931896 0.515906
0.600157 0.929943 0.575059
0.600199 0.927521 0.635568
0.596911 0.927025 0.695519
0.595731 0.925014 0.754693
0.595248 0.924499 0.813975
0.592935 0.924009 0.872964
