0.998232 1.186007 1.280838
0.982565 1.185726 1.337693
0.960323 1.186492 1.394940
0.944103 1.185677 1.452962
0.934164 1.182961 1.508409
0.916785 1.182001 1.566662
0.897109 1.183710 1.625147
0.884140 1.179254 1.681925
0.968953 1.134942 1.270669
0.952312 1.134238 1.328221
0.934026 1.135407 1.385123
0.917531 1.132979 1.443850
0.903569 1.131835 1.497467
0.887835 1.131517 1.558029
0.870057 1.131069 1.615940
0.854229 1.129084 1.672866
0.938675 1.083794 1.261847
0.922079 1.084750 1.319605
0.905394 1.082559 1.375568
0.888220 1.082444 1.435705
0.872862 1.080257 1.489807
0.857949 1.078505 1.549157
0.841683 1.077205 1.604665
0.824019 1.077483 1.663840
0.909920 1.033452 1.252452
0.892821 1.033605 1.310743
0.875057 1.031920 1.368387
0.860307 1.030155 1.425431
0.843521 1.028949 1.487485
0.829564 1.028382 1.539962
0.811770 1.027171 1.597621
0.795543 1.027544 1.654032
0.879683 0.981848 1.242645
0.863525 0.982121 1.302140
0.846267 0.979495 1.357237
0.831676 0.978956 1.416177
0.813513 0.977531 1.474450
0.799427 0.976982 1.531266
0.782946 0.975459 1.587483
0.766992 0.974941 1.645099
0.848170 0.932342 1.233068
0.834467 0.931443 1.292166
0.817290 0.929709 1.348760
0.802531 0.927262 1.407465
0.784664 0.926802 1.464833
0.768968 0.924972 1.521825
0.754366 0.924210 1.579217
0.736946 0.924404 1.635890
