0.661929 1.185834 2.046371
0.636453 1.186020 2.100553
0.609570 1.185750 2.154335
0.585482 1.184473 2.209319
0.562726 1.183114 2.262902
0.537996 1.181799 2.317854
0.513491 1.182566 2.372499
0.491750 1.178993 2.426945
0.633071 1.135041 2.032115
0.607563 1.134048 2.086755
0.583460 1.136802 2.137485
0.558845 1.134035 2.192984
0.535020 1.131504 2.247508
0.510554 1.130811 2.305396
0.485309 1.130604 2.359724
0.463572 1.128828 2.413555
0.604687 1.083159 2.019092
0.580122 1.084762 2.073495
0.554193 1.082952 2.126754
0.530466 1.082161 2.183419
0.507656 1.081667 2.232210
0.482437 1.078497 2.291865
0.457259 1.077754 2.344623
0.434981 1.077297 2.400126
0.577364 1.033461 2.005467
0.552487 1.033671 2.060579
0.527494 1.033305 2.112438
0.502844 1.029771 2.169808
0.478846 1.030253 2.223900
0.455436 1.027507 2.278548
0.429453 1.027066 2.333178
0.407254 1.026659 2.386889
0.548520 0.982012 1.991441
0.523932 0.982173 2.048017
0.498914 0.979775 2.100256
0.475867 0.978678 2.156445
0.449472 0.977335 2.211497
0.428001 0.977258 2.265171
0.402337 0.974790 2.319364
0.379608 0.974830 2.373307
0.520743 0.932878 1.975752
0.497122 0.932131 2.032919
0.471249 0.929431 2.087699
0.447501 0.926906 2.143962
0.422174 0.926030 2.197931
0.398594 0.924655 2.252007
0.376205 0.923774 2.306725
0.351378 0.923418 2.360458
