-0.700700 1.139460 1.752116
-0.723983 1.140366 1.807522
-0.748273 1.140627 1.862195
-0.770358 1.140097 1.918247
-0.790883 1.138585 1.972398
-0.813309 1.137226 2.028256
-0.835485 1.138228 2.084182
-0.855663 1.134343 2.139473
-0.738810 1.095451 1.736203
-0.761533 1.095024 1.791552
-0.784667 1.096886 1.846530
-0.806801 1.093951 1.902822
-0.827563 1.093591 1.955189
-0.850002 1.093335 2.014082
-0.872445 1.092840 2.069256
-0.892830 1.091004 2.124108
-0.775793 1.050990 1.720977
-0.797582 1.052037 1.776656
-0.821727 1.051069 1.831016
-0.842992 1.049939 1.888518
-0.864924 1.048656 1.940786
-0.887647 1.047090 1.998786
-0.909695 1.046899 2.052273
-0.930462 1.046038 2.108798
-0.811915 1.006858 1.705810
-0.834789 1.007830 1.761941
-0.858149 1.006507 1.817289
-0.879802 1.005017 1.872734
-0.901529 1.004795 1.927838
-0.922663 1.002803 1.983206
-0.946161 1.002561 2.038729
-0.967013 1.001995 2.093757
-0.850069 0.962593 1.689895
-0.872133 0.962971 1.747446
-0.894942 0.960777 1.800328
-0.915720 0.960227 1.857458
-0.939312 0.959108 1.913147
-0.958951 0.958207 1.968055
-0.982333 0.956835 2.022904
-1.003640 0.956512 2.078324
-0.886937 0.918220 1.674809
-0.908473 0.918602 1.731575
-0.931328 0.917226 1.785847
-0.952193 0.914490 1.842788
-0.975773 0.914307 1.897884
-0.997927 0.912836 1.953025
-1.018118 0.911867 2.008674
-1.040204 0.911258 2.063386
