-0.243488 1.137852 1.260456
-0.263921 1.137849 1.316123
-0.287661 1.139083 1.371622
-0.307374 1.138130 1.428057
-0.326255 1.136703 1.482991
-0.347234 1.135644 1.539696
-0.367396 1.135905 1.596419
-0.386505 1.132675 1.652130
-0.281302 1.093437 1.245011
-0.302879 1.093144 1.301670
-0.324377 1.095401 1.356779
-0.345368 1.092781 1.414022
-0.364273 1.092475 1.466840
-0.384294 1.091509 1.526281
-0.405271 1.091399 1.582566
-0.424151 1.089306 1.637725
-0.318983 1.049137 1.230835
-0.339872 1.050765 1.287582
-0.362304 1.049866 1.342404
-0.382065 1.049077 1.400749
-0.402363 1.047576 1.453555
-0.422648 1.045633 1.512191
-0.443416 1.045463 1.566425
-0.462039 1.044424 1.623460
-0.356797 1.005896 1.216991
-0.377127 1.006354 1.273895
-0.399802 1.005602 1.329946
-0.419394 1.003953 1.385852
-0.439703 1.004268 1.441749
-0.459046 1.001972 1.497798
-0.480587 1.001581 1.554008
-0.499457 1.000707 1.609531
-0.394962 0.961002 1.202458
-0.415360 0.961852 1.260422
-0.437247 0.960373 1.314090
-0.455860 0.959381 1.371821
-0.478252 0.958671 1.428079
-0.496154 0.957731 1.483737
-0.517650 0.956054 1.539172
-0.536673 0.955492 1.595046
-0.432562 0.917053 1.188532
-0.452414 0.917672 1.245732
-0.474445 0.917057 1.300653
-0.493569 0.914099 1.358258
-0.515559 0.914315 1.413844
-0.535316 0.912342 1.469546
-0.554064 0.911402 1.525973
-0.574477 0.910948 1.581505
