1.445570 1.179554 1.196128
1.442360 1.180185 1.255735
1.437220 1.180189 1.315740
1.434077 1.178812 1.375179
1.432486 1.178091 1.433857
1.429905 1.177246 1.493932
1.427041 1.177859 1.554072
1.425693 1.173011 1.612725
1.412464 1.130052 1.193536
1.409068 1.129106 1.253316
1.404954 1.130682 1.312720
1.402213 1.128196 1.373621
1.399629 1.127773 1.429761
1.397701 1.126552 1.492143
1.394219 1.126241 1.552078
1.393216 1.124219 1.610567
1.379883 1.079837 1.191489
1.377081 1.081026 1.251070
1.372748 1.079074 1.310359
1.371019 1.078562 1.371821
1.367555 1.077278 1.428415
1.365331 1.075127 1.490501
1.361241 1.074611 1.548622
1.360744 1.074013 1.608425
1.347794 1.030342 1.189369
1.345287 1.030594 1.249165
1.340484 1.029020 1.310020
1.338765 1.027779 1.368983
1.335664 1.027803 1.428418
1.333774 1.025824 1.487748
1.330152 1.025380 1.547976
1.328037 1.023388 1.606109
1.314546 0.979862 1.186895
1.312230 0.980372 1.248232
1.307728 0.977631 1.306127
1.307174 0.976878 1.366433
1.302731 0.976287 1.427153
1.302045 0.975438 1.485468
1.298284 0.973618 1.544853
1.296050 0.972936 1.603745
1.281519 0.930128 1.184859
1.280069 0.930232 1.245288
1.275904 0.928883 1.304293
1.275210 0.926216 1.364902
1.270965 0.925874 1.424441
1.268155 0.923779 1.483873
1.267206 0.923249 1.543145
1.264076 0.922772 1.602314
