1.185682 1.142241 -0.383053
1.199706 1.142212 -0.324916
1.213575 1.142778 -0.266336
1.228911 1.142017 -0.208528
1.243591 1.140711 -0.152056
1.259488 1.139735 -0.094282
1.272481 1.140845 -0.035229
1.288988 1.137964 0.020336
1.146337 1.097659 -0.373784
1.161225 1.096838 -0.315262
1.174837 1.098961 -0.257882
1.188863 1.096547 -0.197803
1.203232 1.096227 -0.143712
1.220197 1.095276 -0.083608
1.234081 1.095815 -0.025362
1.250305 1.093800 0.031342
1.107080 1.052774 -0.364013
1.121978 1.054555 -0.305642
1.135418 1.053238 -0.248087
1.151499 1.052653 -0.188506
1.164689 1.051192 -0.133095
1.181074 1.049249 -0.073403
1.194186 1.049679 -0.016573
1.211193 1.048688 0.040660
1.068717 1.009336 -0.354560
1.083829 1.009851 -0.295989
1.097134 1.009035 -0.236970
1.112546 1.007334 -0.179398
1.127872 1.007517 -0.122258
1.143345 1.005412 -0.064726
1.156946 1.005590 -0.006119
1.172810 1.004572 0.050390
1.028930 0.964820 -0.344822
1.045072 0.965259 -0.285452
1.057418 0.963652 -0.228754
1.074829 0.962645 -0.170843
1.088403 0.961651 -0.111334
1.105707 0.960938 -0.055922
1.118478 0.959598 0.002642
1.134236 0.959408 0.059619
0.989823 0.920858 -0.334801
1.006301 0.920919 -0.276612
1.019422 0.919914 -0.218854
1.036265 0.917259 -0.160254
1.050074 0.917256 -0.102041
1.064906 0.915294 -0.044956
1.081818 0.914537 0.011715
1.095291 0.914640 0.069499
