-0.655027 1.268689 0.296651
-0.703559 1.270970 0.330789
-0.753309 1.272650 0.365096
-0.801652 1.274555 0.400990
-0.849100 1.276279 0.434617
-0.898475 1.277379 0.469694
-0.947770 1.280797 0.504279
-0.995599 1.281239 0.537900
-0.668432 1.211664 0.279914
-0.717636 1.214350 0.313712
-0.765619 1.216886 0.349166
-0.815211 1.217903 0.383209
-0.863387 1.219169 0.418562
-0.912573 1.222375 0.453651
-0.961426 1.223697 0.488700
-1.009545 1.225766 0.522336
-0.681842 1.155687 0.263724
-0.730934 1.159680 0.297722
-0.779648 1.159791 0.332700
-0.829424 1.162555 0.367522
-0.876596 1.163087 0.401259
-0.927135 1.164363 0.437216
-0.974442 1.166150 0.471256
-1.023651 1.168957 0.506555
-0.695101 1.099994 0.247946
-0.744528 1.103809 0.282169
-0.794263 1.103916 0.317661
-0.841670 1.105532 0.351328
-0.891115 1.107761 0.387118
-0.939696 1.109589 0.420983
-0.989111 1.110714 0.456266
-1.037381 1.113556 0.490759
-0.708905 1.043733 0.230754
-0.759023 1.047111 0.266677
-0.806919 1.046993 0.300120
-0.855127 1.049956 0.335108
-0.905409 1.050500 0.371196
-0.953156 1.053460 0.405324
-1.002008 1.054072 0.439731
-1.050860 1.056608 0.474745
-0.722455 0.987376 0.215022
-0.771647 0.990191 0.251495
-0.820400 0.991117 0.285192
-0.869374 0.992788 0.319926
-0.918814 0.994101 0.355445
-0.968000 0.995860 0.388844
-1.015929 0.998261 0.424369
-1.064772 1.000291 0.458437
