-0.473235 1.247340 0.419105
-0.529525 1.249269 0.439040
-0.586953 1.251047 0.458132
-0.643523 1.253381 0.478601
-0.698489 1.254962 0.497467
-0.755648 1.256436 0.517285
-0.812475 1.259586 0.536699
-0.868171 1.260360 0.555988
-0.483989 1.194072 0.391846
-0.540787 1.196421 0.411590
-0.596745 1.198994 0.432041
-0.653849 1.199609 0.451037
-0.709934 1.201360 0.471099
-0.766891 1.204464 0.490993
-0.823721 1.205876 0.511318
-0.879369 1.207724 0.530443
-0.494657 1.141370 0.365741
-0.551095 1.144486 0.386008
-0.607733 1.145055 0.405302
-0.665246 1.147838 0.425245
-0.719987 1.148234 0.444227
-0.778777 1.149771 0.464481
-0.833827 1.151520 0.483866
-0.890802 1.154333 0.504375
-0.504931 1.088539 0.340417
-0.562198 1.092279 0.360023
-0.620045 1.092569 0.380195
-0.674972 1.094246 0.398954
-0.732425 1.096464 0.419666
-0.788444 1.098058 0.438595
-0.845785 1.099318 0.458690
-0.901770 1.101968 0.478475
-0.515709 1.035293 0.313718
-0.573921 1.038376 0.334440
-0.629564 1.038769 0.352712
-0.685491 1.041780 0.373175
-0.744046 1.042302 0.393462
-0.799306 1.045031 0.413196
-0.855928 1.045769 0.432324
-0.912536 1.048550 0.452450
-0.526736 0.982183 0.288211
-0.584030 0.985241 0.309044
-0.640342 0.986020 0.328169
-0.697225 0.987560 0.347812
-0.754614 0.988949 0.367900
-0.811222 0.990882 0.386086
-0.867206 0.993305 0.406997
-0.923575 0.995434 0.425958
