0.215313 1.244224 1.079203
0.160853 1.245808 1.103343
0.105124 1.246326 1.126765
0.050414 1.247828 1.151598
-0.003170 1.248648 1.174598
-0.058779 1.249432 1.198556
-0.114003 1.251878 1.222261
-0.167894 1.252046 1.245554
0.202994 1.192168 1.051537
0.148080 1.192534 1.075851
0.093694 1.194974 1.100273
0.038016 1.194952 1.123443
-0.016525 1.196042 1.147648
-0.071666 1.197894 1.177127
-0.126741 1.199046 1.196532
-0.180933 1.199613 1.219698
0.190635 1.139324 1.025389
0.135850 1.142004 1.049716
0.080862 1.141347 1.072970
0.025046 1.143677 1.097618
-0.028250 1.143414 1.120186
-0.085250 1.144265 1.145006
-0.138638 1.144872 1.168663
-0.193918 1.147026 1.193650
0.178442 1.087795 0.999410
0.123172 1.089790 1.023604
0.067000 1.089278 1.047760
0.013428 1.090276 1.070546
-0.042140 1.091942 1.095499
-0.096736 1.092678 1.118845
-0.152597 1.093686 1.143202
-0.206790 1.095133 1.167334
0.166153 1.034418 0.972576
0.109775 1.036830 0.998184
0.055701 1.036055 1.020340
0.001657 1.038052 1.045014
-0.055501 1.038059 1.069270
-0.109179 1.040580 1.093218
-0.164220 1.040208 1.116547
-0.219199 1.042067 1.141334
0.153502 0.982196 0.946798
0.098142 0.984136 0.971876
0.043200 0.984236 0.995319
-0.011800 0.984686 1.018951
-0.067690 0.985814 1.043440
-0.122700 0.986422 1.066041
-0.176856 0.988171 1.091239
-0.231763 0.989069 1.114845
