-0.151630 1.244129 0.466623
-0.204955 1.245950 0.492995
-0.260083 1.247238 0.518320
-0.313651 1.248961 0.545476
-0.366388 1.250344 0.570176
-0.420708 1.251373 0.596459
-0.475152 1.254128 0.622260
-0.528075 1.254478 0.647591
-0.165267 1.191530 0.439900
-0.219430 1.193086 0.466121
-0.272571 1.195483 0.492907
-0.327274 1.195841 0.517980
-0.380825 1.197203 0.544377
-0.435051 1.199726 0.570789
-0.489325 1.201040 0.597399
-0.542444 1.202342 0.622601
-0.179020 1.139269 0.414216
-0.232781 1.142134 0.440854
-0.286827 1.142042 0.466266
-0.341589 1.144335 0.493050
-0.393945 1.144572 0.517527
-0.449936 1.145753 0.544644
-0.502525 1.147158 0.570212
-0.556654 1.149395 0.597218
-0.192297 1.087131 0.389038
-0.246676 1.089893 0.415513
-0.301842 1.089772 0.441956
-0.354667 1.091461 0.466688
-0.408980 1.093281 0.493887
-0.462756 1.094573 0.519244
-0.517442 1.095386 0.545717
-0.570768 1.097476 0.571759
-0.205806 1.033837 0.362970
-0.261350 1.036794 0.390586
-0.314417 1.036287 0.414958
-0.367678 1.038891 0.441820
-0.423692 1.039353 0.468395
-0.476413 1.041984 0.494288
-0.530451 1.042302 0.519735
-0.584322 1.044527 0.546300
-0.219749 0.981473 0.337799
-0.274314 0.984138 0.365222
-0.328104 0.984476 0.390652
-0.382355 0.985605 0.416539
-0.437205 0.986647 0.443218
-0.491342 0.988216 0.467738
-0.544556 0.990085 0.494934
-0.598482 0.991756 0.520362
