-0.203509 1.272152 0.869031
-0.260975 1.273614 0.884566
-0.319626 1.274156 0.899064
-0.377650 1.276215 0.915311
-0.433874 1.277016 0.929626
-0.492497 1.277839 0.945096
-0.550726 1.280260 0.959731
-0.607687 1.280955 0.974387
-0.209726 1.215996 0.847517
-0.267775 1.216896 0.862792
-0.325322 1.219549 0.878718
-0.383800 1.219457 0.893025
-0.441175 1.220307 0.908914
-0.499435 1.222740 0.924134
-0.557602 1.223947 0.939920
-0.614675 1.224745 0.954341
-0.216198 1.159870 0.836002
-0.274154 1.162552 0.842320
-0.331976 1.162104 0.857413
-0.391070 1.164199 0.872921
-0.446256 1.164200 0.887431
-0.507087 1.165431 0.902936
-0.563380 1.166352 0.918141
-0.621740 1.168409 0.934047
-0.222563 1.104477 0.806530
-0.280318 1.106811 0.821942
-0.350091 1.106960 0.837755
-0.396451 1.107656 0.852016
-0.455283 1.109632 0.868061
-0.512713 1.110478 0.882552
-0.571532 1.111337 0.898265
-0.628844 1.112963 0.913520
-0.228948 1.048218 0.785374
-0.288494 1.050811 0.802064
-0.345395 1.049656 0.815872
-0.402728 1.051921 0.832002
-0.462649 1.052290 0.847432
-0.519406 1.054965 0.862653
-0.577404 1.054544 0.877601
-0.635263 1.056689 0.893320
-0.235778 0.992391 0.765211
-0.294445 0.994554 0.781495
-0.352104 0.994527 0.796475
-0.410235 0.995428 0.811558
-0.469179 0.996358 0.827430
-0.526947 0.997231 0.841191
-0.584453 0.999097 0.857626
-0.642135 1.000186 0.872343
