0.486423 1.250886 1.059936
0.436927 1.252449 1.093153
0.386261 1.252839 1.126032
0.336576 1.254660 1.159976
0.288179 1.255194 1.192149
0.237511 1.256227 1.225575
0.187228 1.258397 1.258582
0.138164 1.258616 1.290920
0.469950 1.198331 1.036159
0.420358 1.198222 1.069654
0.371034 1.200688 1.103197
0.320345 1.200615 1.135723
0.270985 1.201552 1.169225
0.220889 1.203660 1.203007
0.170942 1.205149 1.236619
0.121777 1.205489 1.269003
0.454233 1.144192 1.013587
0.404351 1.146989 1.047174
0.354473 1.146251 1.079932
0.303850 1.148549 1.113757
0.255331 1.148144 1.145543
0.203473 1.148979 1.179765
0.155328 1.149859 1.212509
0.105202 1.152013 1.246743
0.438389 1.091832 0.991317
0.388187 1.094002 1.024960
0.337020 1.093676 1.058511
0.288555 1.094226 1.090469
0.237983 1.096359 1.124501
0.188423 1.096923 1.157290
0.137718 1.097699 1.190896
0.088704 1.099003 1.224400
0.422486 1.037789 0.968423
0.371273 1.049187 1.003385
0.322075 1.039247 1.034649
0.272586 1.041807 1.068419
0.221060 1.041574 1.102478
0.172485 1.043857 1.133318
0.122336 1.043684 1.168098
0.072833 1.045332 1.201933
0.406151 0.984528 0.946456
0.355838 0.987042 0.980714
0.306036 0.987186 1.015440
0.256024 0.987394 1.046591
0.205289 0.988188 1.080349
0.155250 0.989044 1.112339
0.106138 0.990761 1.146489
0.056541 0.991704 1.179334
