0.015012 1.241972 0.988868
-0.040208 1.243277 1.010957
-0.096874 1.243425 1.032083
-0.152759 1.244674 1.054810
-0.206940 1.245438 1.075742
-0.263336 1.245837 1.097522
-0.319418 1.247841 1.119295
-0.374255 1.247809 1.140524
0.003619 1.185968 0.959956
-0.052107 1.190418 0.982148
-0.107478 1.192582 1.004608
-0.164037 1.192425 1.025334
-0.219211 1.192907 1.047666
-0.275406 1.194705 1.069908
-0.331433 1.195108 1.092224
-0.386300 1.196003 1.113493
-0.007680 1.137889 0.932340
-0.063452 1.140232 0.954697
-0.119509 1.139602 0.975868
-0.176060 1.141047 0.998320
-0.230124 1.140768 1.018922
-0.288024 1.141365 1.041431
-0.342249 1.141852 1.063205
-0.398541 1.143284 1.085980
-0.018943 1.086276 0.905318
-0.075140 1.088518 0.927316
-0.132172 1.087862 0.949353
-0.186608 1.088385 0.970169
-0.243233 1.089737 0.992802
-0.298478 1.090295 1.013966
-0.355192 1.090947 1.036291
-0.410298 1.091883 1.058435
-0.030212 1.033809 0.877294
-0.087509 1.035829 0.900717
-0.142584 1.034774 0.920566
-0.197496 1.036706 0.943328
-0.255432 1.036272 0.965395
-0.310136 1.038381 0.987057
-0.366016 1.038159 1.008427
-0.421828 1.039305 1.031232
-0.042067 0.982172 0.850032
-0.098364 0.983904 0.873080
-0.153939 0.983164 0.894413
-0.210006 0.983743 0.916214
-0.266912 0.984105 0.938327
-0.322587 0.984955 0.958855
-0.377851 0.985991 0.981726
-0.433365 0.987111 1.003430
