0.135538 1.263851 0.494234
0.082221 1.265064 0.520564
0.027292 1.265563 0.546152
-0.026365 1.267204 0.573291
-0.078887 1.268045 0.598113
-0.133450 1.268919 0.624495
-0.187913 1.271299 0.650301
-0.240824 1.271368 0.675744
0.122391 1.210786 0.467784
0.068296 1.211612 0.494215
0.015187 1.213907 0.520992
-0.039567 1.213808 0.546208
-0.092831 1.214751 0.572677
-0.147284 1.217108 0.598891
-0.201313 1.217818 0.625730
-0.254600 1.218882 0.650931
0.109019 1.158284 0.442416
0.055418 1.160730 0.469011
0.001400 1.159983 0.494956
-0.053036 1.161780 0.521796
-0.105636 1.161829 0.546329
-0.161522 1.162646 0.573320
-0.214141 1.163679 0.599024
-0.268368 1.165827 0.625790
0.096325 1.106061 0.417421
0.041980 1.108104 0.444044
-0.013015 1.107574 0.470770
-0.065621 1.108532 0.495639
-0.120038 1.110086 0.522955
-0.173830 1.110937 0.548240
-0.228461 1.111556 0.574818
-0.281994 1.113609 0.600671
0.083128 1.052611 0.391660
0.028019 1.054708 0.419380
-0.025364 1.054168 0.443997
-0.078396 1.056270 0.470895
-0.134435 1.056170 0.497489
-0.187000 1.058398 0.523562
-0.241168 1.058368 0.549017
-0.295073 1.060438 0.575399
0.069906 0.999726 0.366826
0.015107 1.002230 0.394158
-0.038595 1.002053 0.419592
-0.092606 1.002695 0.445852
-0.147426 1.003416 0.472486
-0.201573 1.004509 0.497086
-0.254803 1.006009 0.524358
-0.308786 1.007382 0.549531
