-0.347899 1.270793 1.061248
-0.389885 1.271674 1.018774
-0.431342 1.273293 0.975346
-0.474624 1.273931 0.932824
-0.515217 1.274322 0.891519
-0.557596 1.275868 0.847876
-0.599340 1.278232 0.803497
-0.640637 1.278474 0.762184
-0.332502 1.213815 1.045210
-0.374524 1.216010 1.002773
-0.417686 1.216674 0.960448
-0.458415 1.218347 0.917127
-0.501348 1.217743 0.875342
-0.543645 1.220786 0.832791
-0.586165 1.221402 0.789435
-0.626771 1.222259 0.745956
-0.318167 1.158581 1.029981
-0.360578 1.160663 0.987281
-0.402572 1.160775 0.944850
-0.445341 1.162737 0.901294
-0.485931 1.162632 0.860093
-0.529367 1.162828 0.815282
-0.570496 1.164532 0.774590
-0.613586 1.165895 0.731287
-0.304238 1.102995 1.014652
-0.346529 1.105470 0.971881
-0.389948 1.104110 0.928151
-0.430282 1.106075 0.886953
-0.473835 1.106786 0.843502
-0.516614 1.106814 0.801232
-0.557611 1.108926 0.757838
-0.601323 1.109344 0.715768
-0.289516 1.046422 0.999204
-0.333718 1.048357 0.955669
-0.374033 1.047844 0.913565
-0.416812 1.049024 0.871467
-0.459749 1.050229 0.827455
-0.501633 1.051634 0.785482
-0.544800 1.050529 0.743136
-0.585759 1.053593 0.699983
-0.275856 0.989725 0.983881
-0.319145 0.992762 0.941038
-0.360787 0.992235 0.898340
-0.403061 0.993265 0.855683
-0.446242 0.992952 0.811667
-0.486722 0.995268 0.769195
-0.529962 0.995818 0.726833
-0.573179 0.996052 0.684772
