0.235819 1.267929 1.189843
0.185475 1.268236 1.157632
0.135355 1.269654 1.124310
0.083891 1.269812 1.091714
0.035827 1.271837 1.060400
-0.011920 1.271430 1.027041
-0.065142 1.274864 0.994242
-0.115013 1.273121 0.961728
0.246684 1.209734 1.171089
0.197132 1.212119 1.138614
0.145998 1.215671 1.106825
0.096660 1.214433 1.072184
0.048935 1.213711 1.040769
-0.004366 1.217135 1.008697
-0.055311 1.216875 0.975645
-0.104408 1.218600 0.943708
0.257838 1.153459 1.152853
0.207854 1.156855 1.119895
0.156846 1.155335 1.087498
0.106169 1.157703 1.054368
0.058447 1.158801 1.022833
0.006522 1.159600 0.988729
-0.042605 1.160285 0.957406
-0.094499 1.160823 0.924339
0.269114 1.096821 1.134211
0.217966 1.100785 1.101843
0.166985 1.100376 1.067968
0.118980 1.102600 1.036637
0.067354 1.103032 1.003499
0.017791 1.104679 0.971396
-0.033563 1.103935 0.937602
-0.083284 1.106849 0.906483
0.280946 1.043808 1.116120
0.227904 1.044199 1.083020
0.180082 1.044572 1.050566
0.129144 1.045477 1.018320
0.077659 1.046478 0.985051
0.027768 1.047416 0.952752
-0.021729 1.048361 0.920553
-0.072942 1.048742 0.887635
0.290623 0.985868 1.097736
0.238809 0.987977 1.065402
0.189116 0.987479 1.032546
0.139664 0.989963 1.000059
0.087995 0.989279 0.966335
0.039080 0.990992 0.933788
-0.012139 0.991308 0.901571
-0.061614 0.993306 0.870175
