0.707006 1.266905 0.629709
0.663973 1.268371 0.588367
0.620449 1.268212 0.546380
0.576609 1.269759 0.505256
0.534344 1.269947 0.465037
0.491025 1.270906 0.422990
0.447185 1.272429 0.381255
0.405334 1.272462 0.340505
0.722146 1.210422 0.613071
0.678113 1.210588 0.572151
0.634890 1.213028 0.531035
0.592005 1.212780 0.489188
0.548493 1.213560 0.448329
0.504214 1.214939 0.407042
0.461035 1.216190 0.365231
0.418182 1.216413 0.324532
0.735900 1.154062 0.597742
0.692681 1.156732 0.556186
0.648997 1.155503 0.514909
0.605290 1.157570 0.472551
0.563301 1.156814 0.432709
0.518990 1.157861 0.389887
0.476197 1.158114 0.349748
0.432276 1.160125 0.308206
0.750056 1.098741 0.581948
0.706064 1.100316 0.540592
0.661969 1.099875 0.498151
0.620041 1.100294 0.457678
0.575914 1.102345 0.415763
0.532612 1.102308 0.374933
0.489088 1.102924 0.332782
0.445590 1.104109 0.292295
0.764200 1.041754 0.566389
0.719328 1.044027 0.523942
0.677238 1.042521 0.483174
0.633873 1.044975 0.442559
0.589052 1.044113 0.399498
0.546331 1.046396 0.359240
0.503019 1.045692 0.317879
0.459557 1.047578 0.276440
0.778049 0.985614 0.550519
0.733310 0.987789 0.509064
0.690630 0.987426 0.467645
0.646883 0.987576 0.426393
0.603108 0.988489 0.384121
0.560337 0.988472 0.342458
0.517025 0.990662 0.301749
0.473704 0.991302 0.260500
