0.044689 1.267799 0.996263
0.003419 1.268547 0.952478
-0.038311 1.268490 0.908565
-0.079913 1.270376 0.865060
-0.118992 1.272410 0.822965
-0.160292 1.272695 0.778419
-0.203480 1.273288 0.735430
-0.242313 1.274645 0.691752
0.060929 1.211107 0.980008
0.018427 1.211418 0.936758
-0.022365 1.214036 0.893578
-0.063691 1.213655 0.849404
-0.104443 1.215043 0.806342
-0.146722 1.216620 0.762763
-0.187751 1.218200 0.718951
-0.229227 1.218378 0.676461
0.074956 1.154225 0.964888
0.034376 1.157772 0.920929
-0.008077 1.155579 0.878395
-0.049148 1.158720 0.833408
-0.089648 1.157889 0.791700
-0.130766 1.159708 0.745842
-0.172669 1.159190 0.704653
-0.213539 1.162657 0.660035
0.090358 1.099556 0.949181
0.048148 1.101282 0.905838
0.006701 1.101356 0.860992
-0.034523 1.100805 0.819687
-0.075264 1.103935 0.774794
-0.117015 1.103460 0.732249
-0.157601 1.105544 0.687329
-0.200365 1.105787 0.645162
0.104748 1.041571 0.934860
0.062748 1.045129 0.889380
0.022275 1.043681 0.846799
-0.018463 1.046661 0.803533
-0.061652 1.046067 0.758935
-0.101310 1.049062 0.715846
-0.143844 1.046926 0.673510
-0.183958 1.050697 0.629230
0.120267 0.987035 0.918174
0.076825 0.988335 0.875186
0.037086 0.989196 0.831133
-0.005189 0.989082 0.788010
-0.046164 0.990574 0.743309
-0.087527 0.989784 0.700330
-0.128211 0.992971 0.656759
-0.170487 0.992634 0.614366
