0.469667 1.242976 1.105413
0.361524 1.243158 1.052976
0.416168 1.243612 1.079416
0.255059 1.244480 1.001597
0.307879 1.244659 1.026724
0.201420 1.244974 0.975036
0.146788 1.246587 0.948281
0.093666 1.245694 0.922721
0.479483 1.186583 1.085841
0.425292 1.186392 1.059862
0.371363 1.188140 1.034016
0.317262 1.187172 1.007606
0.263843 1.187746 0.981632
0.209499 1.189140 0.955837
0.155454 1.189865 0.928686
0.101861 1.189577 0.903824
0.488292 1.129787 1.066940
0.434300 1.131997 1.040607
0.380345 1.130804 1.014566
0.325626 1.132081 0.988268
0.273521 1.131234 0.963040
0.218411 1.131936 0.934705
0.165116 1.131633 0.910664
0.110665 1.133526 0.884140
0.497043 1.074785 1.047863
0.442461 1.075958 1.022271
0.387925 1.075348 0.994923
0.335167 1.075159 0.970176
0.280988 1.076961 0.942867
0.226966 1.076343 0.917426
0.172830 1.076548 0.890992
0.118907 1.077436 0.865450
0.506283 1.017532 1.029020
0.450838 1.020048 1.001918
0.397756 1.017666 0.976728
0.344663 1.019963 0.950692
0.288730 1.018733 0.923488
0.235820 1.020630 0.898396
0.181817 1.019639 0.872629
0.128284 1.021238 0.846096
0.514542 0.961433 1.009885
0.459485 0.963079 0.984205
0.406542 0.962860 0.957556
0.352564 0.962775 0.930974
0.297479 0.962768 0.904912
0.244304 0.962561 0.878572
0.190121 0.963779 0.853168
0.136516 0.964205 0.827297
