0.471550 1.243636 0.514278
0.425701 1.244613 0.476447
0.378929 1.244452 0.438027
0.332614 1.245963 0.400124
0.286935 1.245787 0.363433
0.240941 1.246639 0.325219
0.193803 1.248204 0.286670
0.149171 1.247768 0.249215
0.485754 1.187370 0.497067
0.439028 1.187306 0.459285
0.392474 1.189139 0.421925
0.346301 1.188814 0.383324
0.299873 1.188983 0.345941
0.253126 1.190780 0.308152
0.206514 1.191614 0.269549
0.160673 1.191582 0.232691
0.498788 1.130931 0.480548
0.451994 1.133112 0.442566
0.406092 1.132282 0.404636
0.359964 1.1325565 0.367204
0.313836 1.132831 0.329772
0.266472 1.133466 0.289580
0.220397 1.133514 0.253719
0.173510 1.135221 0.215506
0.511592 1.075787 0.464235
0.464349 1.077256 0.426322
0.417181 1.076192 0.387345
0.372094 1.076755 0.350901
0.325532 1.078522 0.311927
0.279110 1.078063 0.274551
0.232126 1.078436 0.236480
0.186110 1.079822 0.198926
0.524770 1.018731 0.447532
0.476875 1.020661 0.408602
0.431341 1.018852 0.371466
0.385410 1.021279 0.333861
0.337687 1.020637 0.294324
0.291590 1.022203 0.257984
0.245238 1.021325 0.220244
0.199159 1.023044 0.182123
0.537232 0.962720 0.430838
0.489701 0.964489 0.393052
0.444176 0.964143 0.354997
0.398208 0.964512 0.316125
0.350155 0.964678 0.278480
0.304450 0.964312 0.240433
0.257738 0.965761 0.203357
0.211733 0.966559 0.165513
