0.693824 1.244799 0.734871
0.653183 1.245924 0.691732
0.611932 1.245100 0.647482
0.570941 1.246540 0.603757
0.530724 1.246319 0.561521
0.489912 1.246557 0.517183
0.448527 1.247810 0.472941
0.409304 1.247648 0.429841
0.710175 1.188739 0.720028
0.668936 1.188369 0.676686
0.627701 1.190426 0.633632
0.586962 1.189279 0.588980
0.546224 1.190019 0.545820
0.504695 1.191096 0.502086
0.463697 1.191519 0.457615
0.422964 1.191295 0.415153
0.725290 1.132084 0.705552
0.684122 1.134226 0.651874
0.643613 1.133202 0.618060
0.601536 1.134375 0.574310
0.561987 1.133025 0.531848
0.520646 1.133796 0.485591
0.479682 1.133431 0.443784
0.438087 1.135090 0.399700
0.740478 1.077204 0.690953
0.698924 1.078314 0.647493
0.657284 1.077326 0.602452
0.617181 1.077181 0.560482
0.576586 1.079457 0.515415
0.535237 1.078341 0.472413
0.493740 1.078597 0.428399
0.452859 1.079419 0.385188
0.756090 1.020020 0.676482
0.713614 1.021973 0.631484
0.673373 1.019761 0.588839
0.632983 1.022288 0.545344
0.590845 1.021068 0.499857
0.550065 1.022751 0.457915
0.509303 1.021519 0.414457
0.468337 1.023001 0.370404
0.770705 0.963967 0.651707
0.728529 0.965585 0.617888
0.688263 0.964917 0.574214
0.648394 0.965423 0.529306
0.605486 0.965054 0.485831
0.565301 0.964824 0.442190
0.523961 0.966291 0.399434
0.483124 0.966154 0.355760
