-0.574680 1.243641 0.992017
-0.615513 1.244913 0.948956
-0.657142 1.245338 0.904804
-0.698247 1.246492 0.861266
-0.738813 1.247007 0.819081
-0.779375 1.247648 0.774895
-0.860844 1.249050 0.687533
-0.820852 1.249874 0.730427
-0.558875 1.187242 0.977222
-0.600437 1.187704 0.933746
-0.641770 1.189538 0.890461
-0.682801 1.189554 0.846316
-0.723560 1.190021 0.803056
-0.765218 1.192237 0.759527
-0.805926 1.192928 0.714951
-0.847349 1.193461 0.672941
-0.544506 1.131096 0.962416
-0.585566 1.133189 0.918901
-0.626336 1.132604 0.875097
-0.668310 1.133964 0.831251
-0.708268 1.133602 0.789230
-0.749470 1.134684 0.742867
-0.790466 1.135050 0.701267
-0.832268 1.136787 0.657245
-0.529749 1.075439 0.947672
-0.571264 1.077492 0.904040
-0.613167 1.076620 0.859423
-0.653227 1.077251 0.817269
-0.694216 1.079146 0.772488
-0.736101 1.079107 0.729514
-0.776870 1.079437 0.685423
-0.818323 1.081186 0.642599
-0.514389 1.018833 0.932816
-0.557238 1.020797 0.888177
-0.597550 1.019463 0.845599
-0.638012 1.021775 0.802214
-0.680527 1.021292 0.756914
-0.720617 1.023490 0.714623
-0.762592 1.022529 0.671562
-0.802293 1.024821 0.627412
-0.500388 0.962350 0.918205
-0.542516 0.964630 0.874275
-0.583148 0.964121 0.830707
-0.623505 0.964944 0.786315
-0.665998 0.965102 0.742516
-0.706085 0.965503 0.698859
-0.747516 0.967108 0.655922
-0.788497 0.967902 0.612584
