0.104202 1.242910 0.884492
0.058725 1.244092 0.846445
0.011086 1.243454 0.808391
-0.034694 1.245122 0.770682
-0.081221 1.244293 0.734497
-0.126760 1.245305 0.696036
-0.174311 1.246368 0.657512
-0.219642 1.245559 0.620628
0.118961 1.187117 0.867220
0.072449 1.187232 0.829540
0.025512 1.188778 0.792216
-0.021601 1.187328 0.754332
-0.067409 1.187896 0.716719
-0.114866 1.189241 0.679274
-0.161109 1.189944 0.640628
-0.207891 1.189607 0.604360
0.131583 1.130352 0.850965
0.085206 1.132795 0.813110
0.038346 1.131121 0.775541
-0.008787 1.132348 0.737537
-0.054121 1.131153 0.701151
-0.100557 1.132468 0.660706
-0.147853 1.131354 0.625284
-0.194570 1.133298 0.586920
0.144743 1.075325 0.834198
0.097669 1.076684 0.796958
0.050454 1.075738 0.758096
0.005040 1.075573 0.721867
-0.041877 1.076980 0.682945
-0.088805 1.076559 0.645903
-0.135565 1.076651 0.607880
-0.182532 1.077458 0.570910
0.158144 1.018483 0.818051
0.110085 1.020339 0.779307
0.063858 1.017739 0.742908
0.018353 1.020355 0.704963
-0.029722 1.019262 0.665720
-0.075692 1.020847 0.629158
-0.122981 1.019256 0.592328
-0.168366 1.021448 0.554119
0.170724 0.962566 0.801288
0.122841 0.964078 0.763887
0.077129 0.963462 0.726025
0.030221 0.962724 0.687940
-0.016999 0.963476 0.649936
-0.063453 0.962367 0.612401
-0.109591 0.964481 0.575323
-0.156920 0.963883 0.538037