0.238864 1.243017 0.538790
0.188155 1.244296 0.508260
0.135779 1.243829 0.476753
0.085413 1.246123 0.445580
0.035031 1.246192 0.415664
-0.015968 1.246858 0.384322
-0.068473 1.248329 0.352555
-0.117727 1.248474 0.322189
0.250320 1.186703 0.519954
0.198204 1.186552 0.489354
0.147606 1.189179 0.458857
0.095755 1.188204 0.427035
0.045329 1.189361 0.396539
-0.006796 1.190952 0.365615
-0.057713 1.192277 0.333678
-0.109228 1.192015 0.304067
0.260005 1.129810 0.502079
0.209199 1.132745 0.470972
0.158329 1.132097 0.439699
0.105853 1.133363 0.408804
0.055361 1.132414 0.378767
0.004243 1.133949 0.345404
-0.047115 1.133603 0.316291
-0.098383 1.136004 0.285114
0.270844 1.075180 0.483733
0.218956 1.076925 0.452990
0.166727 1.075987 0.421046
0.116952 1.076594 0.391220
0.065616 1.078645 0.359156
0.013709 1.078123 0.328454
-0.037497 1.079042 0.297539
-0.089207 1.079925 0.266956
0.280794 1.017581 0.465719
0.228533 1.020481 0.433752
0.177728 1.018241 0.403576
0.127732 1.021198 0.372662
0.074915 1.020817 0.340108
0.024460 1.022869 0.310058
-0.027626 1.021517 0.279885
-0.078018 1.023763 0.248575
0.291039 0.961877 0.447402
0.238957 0.964254 0.416467
0.188354 0.963957 0.385235
0.137519 0.964505 0.353218
0.084634 0.964544 0.322721
0.034381 0.964917 0.291401
-0.017186 0.966349 0.251270
-0.068016 0.967358 0.230229
