0.493207 1.058860 -0.269131
0.455140 1.059142 -0.314591
0.416293 1.057956 -0.361535
0.377547 1.058317 -0.406842
0.339840 1.057259 -0.451868
0.301714 1.057142 -0.497997
0.262442 1.057640 -0.544455
0.225197 1.056171 -0.589474
0.524845 1.013981 -0.293944
0.485899 1.012792 -0.340070
0.446885 1.013397 -0.385302
0.408692 1.011903 -0.431962
0.370510 1.011494 -0.477290
0.331220 1.012116 -0.523215
0.292536 1.011822 -0.569394
0.254539 1.011024 -0.614307
0.554686 0.967982 -0.318877
0.515664 0.969122 -0.364438
0.477608 0.967042 -0.410666
0.438191 0.967168 -0.456654
0.401348 0.965785 -0.501648
0.362284 0.965844 -0.549608
0.323816 0.964291 -0.594123
0.284122 0.964424 -0.640533
0.584575 0.923154 -0.343311
0.544949 0.923292 -0.389070
0.506249 0.921498 -0.436285
0.468937 0.921026 -0.480868
0.430020 0.921750 -0.527312
0.391548 0.920522 -0.573037
0.352746 0.919707 -0.619538
0.313663 0.919254 -0.665195
0.615051 0.876867 -0.368250
0.574717 0.877514 -0.414917
0.537789 0.875196 -0.460427
0.499117 0.876128 -0.505325
0.459668 0.874538 -0.553367
0.421430 0.875356 -0.597737
0.383231 0.873390 -0.643873
0.344193 0.873383 -0.689720
0.644855 0.831244 -0.393029
0.604791 0.831915 -0.438914
0.567257 0.830606 -0.484937
0.528842 0.829779 -0.531130
0.489474 0.828906 -0.577689
0.452116 0.828481 -0.623902
0.413005 0.828645 -0.668650
0.373649 0.826929 -0.714783
