-0.178989 1.243182 1.072314
-0.215858 1.244297 1.025747
-0.253919 1.243992 0.978471
-0.328245 1.245463 0.886338
-0.291204 1.245498 0.931583
-0.365382 1.245811 0.839058
-0.403284 1.247567 0.791695
-0.439739 1.246904 0.745717
-0.161200 1.187116 1.058465
-0.199539 1.186980 1.011985
-0.236969 1.188890 0.965525
-0.274006 1.188286 0.918115
-0.311713 1.188703 0.872023
-0.349831 1.190375 0.825181
-0.386755 1.191007 0.777411
-0.425045 1.190879 0.732136
-0.145418 1.130593 1.044945
-0.182921 1.132842 0.998365
-0.220221 1.131736 0.951511
-0.258663 1.132966 0.904443
-0.295247 1.132040 0.859390
-0.332250 1.133235 0.809807
-0.370788 1.132535 0.765271
-0.408324 1.134567 0.717765
-0.129427 1.075221 1.031626
-0.167592 1.076579 0.984987
-0.205542 1.075828 0.936927
-0.242757 1.075891 0.892023
-0.279584 1.077774 0.843908
-0.317598 1.077448 0.797937
-0.355289 1.077602 0.750622
-0.393324 1.078683 0.704709
-0.113401 1.018092 1.018563
-0.151861 1.020349 0.970332
-0.188579 1.018552 0.924574
-0.225515 1.020936 0.878122
-0.264830 1.019683 0.829809
-0.301581 1.021595 0.784287
-0.339215 1.020571 0.738050
-0.376022 1.022641 0.690844
-0.097318 0.962152 1.004809
-0.136583 0.963553 0.958134
-0.172874 0.963463 0.911193
-0.209779 0.963727 0.863648
-0.248676 0.963763 0.816577
-0.285850 0.963284 0.770208
-0.323191 0.965402 0.723866
-0.360952 0.965368 0.677487
