-0.897690 1.246198 1.182822
-0.934429 1.247092 1.136380
-0.971524 1.247788 1.088240
-1.008259 1.249166 1.040972
-1.043877 1.249620 0.994897
-1.080693 1.250166 0.947198
-1.117230 1.252462 0.899018
-1.153447 1.251830 0.852512
-0.880489 1.189722 1.169576
-0.917490 1.190199 1.122368
-0.954688 1.192142 1.075623
-0.990807 1.191980 1.027481
-1.027818 1.192513 0.980699
-1.064703 1.194879 0.933239
-1.101669 1.195537 0.885014
-1.138121 1.195979 0.839056
-0.864515 1.133367 1.156185
-0.901689 1.135363 1.109152
-0.937986 1.135104 1.061514
-0.975840 1.136290 1.013988
-1.010930 1.136226 0.968017
-1.048022 1.137128 0.918216
-1.084892 1.137511 0.872785
-1.122042 1.139547 0.824882
-0.848855 1.077657 1.142950
-0.886111 1.079742 1.095684
-0.923620 1.078808 1.047232
-0.959090 1.079855 1.001266
-0.996061 1.081664 0.952927
-1.032732 1.081988 0.905985
-1.070085 1.082091 0.858253
-1.107911 1.083822 0.811899
-0.832705 1.021091 1.129833
-0.870860 1.022902 1.081350
-0.906327 1.021663 1.034753
-0.942936 1.024154 0.987845
-0.980399 1.023920 0.938521
-1.017025 1.025892 0.892710
-1.053590 1.025481 0.845678
-1.090420 1.026998 0.797929
-0.816909 0.964402 1.116206
-0.854693 0.966958 1.068620
-0.891075 0.966427 1.021510
-0.926905 0.967345 0.973367
-0.965325 0.967333 0.925650
-1.000734 0.968090 0.878315
-1.038253 0.969384 0.831587
-1.074652 0.970674 0.784589
