1.071523 1.244086 1.191230
1.012679 1.244795 1.182775
0.952720 1.244648 1.173285
0.893194 1.245112 1.165341
0.835730 1.245353 1.156539
0.776259 1.245248 1.147728
0.716275 1.246600 1.138327
0.658151 1.245586 1.129744
1.074962 1.187632 1.169997
1.015814 1.187579 1.161004
0.956220 1.189107 1.153175
0.897161 1.188201 1.143520
0.837949 1.188159 1.135445
0.778340 1.189639 1.126757
0.718461 1.189925 1.117466
0.660375 1.189634 1.109412
1.078020 1.131614 1.148694
1.018363 1.133245 1.140599
0.959443 1.131985 1.131446
0.898940 1.132560 1.123503
0.842147 1.131748 1.114454
0.780686 1.132276 1.104151
0.722814 1.132183 1.096691
0.662538 1.133480 1.088109
1.080653 1.076155 1.128371
1.021161 1.077324 1.120039
0.960362 1.075867 1.111088
0.902957 1.075753 1.102734
0.842775 1.077306 1.093321
0.784040 1.077044 1.084443
0.723863 1.076551 1.076291
0.665258 1.077581 1.067655
1.084038 1.019103 1.107557
1.022669 1.020623 1.099036
0.964964 1.018892 1.090078
0.905893 1.020287 1.081834
0.844761 1.019155 1.072090
0.786448 1.020791 1.064162
0.727566 1.019498 1.055819
0.668084 1.020905 1.046889
1.086297 0.962627 1.087241
1.026204 0.964366 1.078964
0.967386 0.963436 1.069935
0.908126 0.963582 1.060165
0.847328 0.963203 1.052435
0.789019 0.963046 1.042714
0.729464 0.963880 1.035124
0.670768 0.964209 1.026214
