0.501855 1.243620 0.966994
0.393707 1.243948 0.914842
0.448409 1.244464 0.940837
0.286739 1.244719 0.863920
0.233177 1.245307 0.837308
0.340101 1.245515 0.888496
0.125779 1.245932 0.785142
0.178468 1.246693 0.810835
0.457251 1.186898 0.921713
0.512041 1.187681 0.946975
0.349393 1.187731 0.869504
0.295985 1.188535 0.843638
0.403382 1.188603 0.895843
0.133555 1.189818 0.766491
0.241910 1.190083 0.817751
0.187318 1.190210 0.791100
0.520574 1.130906 0.928261
0.412463 1.131499 0.876424
0.305419 1.131561 0.825297
0.196795 1.131899 0.772959
0.250583 1.132656 0.796702
0.357819 1.132892 0.850239
0.466685 1.133323 0.902192
0.142435 1.133522 0.746599
0.367285 1.075735 0.832114
0.529640 1.076052 0.909136
0.420005 1.076108 0.856560
0.258812 1.076640 0.779685
0.204492 1.076945 0.753461
0.475168 1.077520 0.883521
0.313111 1.077521 0.804858
0.150724 1.077785 0.727938
0.429935 1.018357 0.838554
0.538451 1.018589 0.890434
0.213603 1.019794 0.735038
0.321240 1.020011 0.785186
0.376882 1.020776 0.812459
0.483087 1.020882 0.863590
0.160028 1.021457 0.708732
0.268126 1.021490 0.760426
0.276352 0.963163 0.740771
0.547366 0.963182 0.871158
0.329423 0.963308 0.757085
0.384941 0.963627 0.792580
0.438808 0.963656 0.819160
0.491788 0.964039 0.845810
0.222112 0.964391 0.715532
0.168103 0.964453 0.690021
