-0.389978 1.247164 0.519423
-0.442317 1.249238 0.493080
-0.496012 1.248747 0.466791
-0.550798 1.250997 0.440967
-0.605151 1.250907 0.416187
-0.659617 1.251642 0.390585
-0.766254 1.253479 0.337658
-0.713655 1.253967 0.363116
-0.379463 1.191390 0.498714
-0.434516 1.191609 0.473267
-0.487863 1.194082 0.447750
-0.542492 1.193319 0.421218
-0.594945 1.194770 0.395652
-0.650830 1.196128 0.369751
-0.705944 1.197459 0.343756
-0.758642 1.197638 0.318372
-0.371810 1.134801 0.479811
-0.425414 1.137535 0.453676
-0.479764 1.136671 0.427842
-0.534200 1.138264 0.401814
-0.586970 1.137690 0.376483
-0.640912 1.139498 0.348320
-0.695571 1.138972 0.324239
-0.750736 1.141068 0.298545
-0.362347 1.080171 0.460501
-0.418007 1.081432 0.434904
-0.472194 1.081084 0.407852
-0.525477 1.081405 0.382957
-0.578728 1.084085 0.356089
-0.633849 1.083395 0.330434
-0.687093 1.084556 0.304374
-0.742101 1.085633 0.278885
-0.354690 1.022695 0.441166
-0.409316 1.025612 0.414527
-0.463162 1.023553 0.389139
-0.515459 1.026739 0.363164
-0.571409 1.026304 0.335815
-0.624024 1.028652 0.311192
-0.678192 1.027956 0.285468
-0.732111 1.029536 0.259235
-0.345756 0.966935 0.421712
-0.400640 0.969680 0.396047
-0.453927 0.969136 0.369822
-0.507857 0.969943 0.342801
-0.563299 0.970038 0.317414
-0.616424 0.970434 0.290918
-0.670439 0.972062 0.265916
-0.725228 0.972437 0.240028
