0.935645 1.245162 1.014980
0.883422 1.246019 0.986293
0.830732 1.245959 0.956707
0.778064 1.246811 0.927904
0.726922 1.246946 0.899950
0.674335 1.246650 0.870594
0.621178 1.247542 0.841266
0.570190 1.247364 0.812590
0.946617 1.189464 0.995811
0.893707 1.188492 0.967253
0.841314 1.190695 0.938684
0.789108 1.189709 0.909015
0.736201 1.189439 0.880957
0.683955 1.191358 0.851671
0.631143 1.191655 0.821883
0.579190 1.191575 0.793821
0.956614 1.133086 0.977251
0.903829 1.134730 0.948654
0.851613 1.133618 0.919500
0.798074 1.134456 0.890718
0.747657 1.133524 0.862409
0.693942 1.134014 0.831239
0.642309 1.133809 0.804151
0.588777 1.134898 0.775052
0.966280 1.077583 0.959288
0.913272 1.078719 0.930595
0.859663 1.077594 0.900701
0.808852 1.077681 0.872835
0.755890 1.078976 0.842811
0.703691 1.078806 0.814414
0.650636 1.078327 0.785239
0.598564 1.079546 0.756826
0.976695 1.020739 0.940681
0.922269 1.022054 0.911134
0.870755 1.019705 0.883083
0.819072 1.022111 0.854084
0.765055 1.021300 0.823791
0.713189 1.022430 0.796154
0.661033 1.021622 0.757372
0.608408 1.022574 0.738237
0.986107 0.964508 0.922386
0.932592 0.965947 0.893596
0.880594 0.965148 0.864548
0.828579 0.965169 0.834429
0.774225 0.964284 0.806213
0.722637 0.963433 0.776980
0.670180 0.965595 0.748669
0.618261 0.965937 0.719855
