1.008387 1.059017 -0.149406
0.960202 1.059883 -0.184098
0.910925 1.058524 -0.219865
0.862302 1.059699 -0.254354
0.814345 1.058590 -0.288378
0.765909 1.058408 -0.323614
0.716955 1.060009 -0.359058
0.669735 1.058846 -0.393623
1.033020 1.014723 -0.181614
0.983736 1.013722 -0.216623
0.934408 1.014084 -0.250725
0.885780 1.012731 -0.286198
0.837844 1.013063 -0.321209
0.788013 1.013506 -0.355363
0.738965 1.013323 -0.390736
0.691016 1.012990 -0.425257
1.055320 0.968089 -0.213469
1.006528 0.970145 -0.248006
0.957773 0.967711 -0.283217
0.907925 0.968099 -0.317934
0.861345 0.967179 -0.352475
0.811778 0.967747 -0.389077
0.763263 0.966200 -0.422507
0.713843 0.967399 -0.457682
1.077962 0.923334 -0.244814
1.028715 0.924501 -0.279309
0.979126 0.922495 -0.315436
0.931840 0.922255 -0.349480
0.882917 0.923824 -0.384846
0.833855 0.922180 -0.419375
0.784956 0.921822 -0.454824
0.736523 0.922797 -0.489294
1.101474 0.877160 -0.276701
1.050782 0.878328 -0.311800
1.003909 0.876694 -0.347000
0.955330 0.878007 -0.380998
0.905274 0.876642 -0.417759
0.856731 0.877037 -0.451085
0.808525 0.875790 -0.486189
0.759556 0.876662 -0.521207
1.124008 0.831655 -0.308406
1.074172 0.833111 -0.343004
1.025872 0.831480 -0.378249
0.977746 0.831884 -0.413945
0.927411 0.830364 -0.448905
0.879687 0.830275 -0.484420
0.830573 0.830589 -0.518014
0.782033 0.830460 -0.552971
