-0.205852 1.147672 1.212294
-0.243612 1.148149 1.166268
-0.281292 1.148737 1.118751
-0.317791 1.149595 1.072215
-0.355722 1.148634 1.027696
-0.391515 1.150473 0.978716
-0.431225 1.150781 0.933359
-0.467999 1.147926 0.888203
-0.167831 1.112539 1.181805
-0.206913 1.110855 1.135968
-0.242360 1.112980 1.089136
-0.279893 1.113488 1.041122
-0.315821 1.113953 0.997471
-0.355598 1.114340 0.948842
-0.393242 1.114712 0.902963
-0.432676 1.111725 0.858655
-0.132392 1.074490 1.152883
-0.169075 1.078148 1.105407
-0.206587 1.075767 1.059616
-0.245741 1.076217 1.012166
-0.280841 1.075735 0.967410
-0.319854 1.074873 0.919584
-0.355849 1.076058 0.873610
-0.393641 1.076905 0.827236
-0.095863 1.038894 1.123260
-0.134065 1.040054 1.076564
-0.170872 1.039918 1.028715
-0.208441 1.039243 0.982935
-0.245817 1.040421 0.936596
-0.283774 1.038749 0.891022
-0.318966 1.041560 0.842231
-0.358729 1.039650 0.798274
-0.058185 1.002539 1.092772
-0.096083 1.005563 1.044471
-0.132451 1.002892 0.999429
-0.170104 1.004640 0.952049
-0.208752 1.003087 0.905249
-0.245793 1.004242 0.860271
-0.283324 1.002338 0.814016
-0.319493 1.004526 0.767135
-0.019882 0.968618 1.061279
-0.058788 0.969179 1.014853
-0.096289 0.967376 0.969739
-0.135089 0.965655 0.923028
-0.170284 0.968500 0.874182
-0.207683 0.967169 0.828277
-0.247697 0.965209 0.784318
-0.282355 0.968403 0.736736
