0.189988 1.144693 1.737989
0.143078 1.145721 1.700617
0.096833 1.148878 1.663656
0.050437 1.148966 1.626279
0.002599 1.147457 1.590164
-0.043884 1.149377 1.551554
-0.090056 1.149283 1.514061
-0.139753 1.148356 1.479049
0.218887 1.109295 1.699128
0.171752 1.110837 1.662320
0.127035 1.112132 1.624080
0.079823 1.113561 1.588408
0.033115 1.113469 1.549633
-0.015629 1.113622 1.514545
-0.059978 1.113946 1.476478
-0.110159 1.113419 1.441276
0.248616 1.073592 1.660631
0.202263 1.075397 1.623951
0.156982 1.078182 1.584869
0.110449 1.078743 1.547370
0.061276 1.076552 1.513665
0.015226 1.076315 1.477384
-0.031625 1.077545 1.438061
-0.080061 1.077075 1.402696
0.277739 1.038273 1.622822
0.229853 1.039897 1.586052
0.185124 1.041158 1.549821
0.135971 1.041664 1.511173
0.091608 1.040474 1.475849
0.042930 1.040490 1.439182
-0.001011 1.043838 1.398636
-0.051195 1.041934 1.365284
0.307242 1.002224 1.584798
0.261425 1.003635 1.547436
0.214719 1.004352 1.510718
0.165982 1.006669 1.471815
0.119956 1.005207 1.438308
0.072534 1.003927 1.400832
0.025597 1.005879 1.364337
-0.021336 1.006800 1.326957
0.337387 0.969246 1.544330
0.292481 0.970136 1.506693
0.243472 0.969226 1.472783
0.195282 0.968337 1.435679
0.149143 0.968541 1.399885
0.102204 0.968671 1.364144
0.055157 0.968809 1.326547
0.008704 0.970555 1.289723
