-0.977675 1.126838 2.294752
-1.018317 1.128621 2.251317
-1.057562 1.131477 2.206175
-1.098660 1.130787 2.162603
-1.139167 1.129422 2.121914
-1.180505 1.129962 2.077573
-1.221284 1.133132 2.033697
-1.262673 1.130100 1.991540
-0.940798 1.094216 2.260353
-0.981039 1.093615 2.216069
-1.021583 1.098560 2.173091
-1.062686 1.096127 2.127909
-1.102260 1.097415 2.088276
-1.145502 1.096560 2.043444
-1.185955 1.098824 1.999019
-1.227081 1.097256 1.957415
-0.904831 1.060555 2.225978
-0.945771 1.061591 2.182615
-0.984732 1.062767 2.138207
-1.028072 1.063014 2.093977
-1.066153 1.062638 2.052685
-1.109253 1.061700 2.008013
-1.148233 1.063973 1.964937
-1.190910 1.063636 1.922646
-0.869654 1.027432 2.192315
-0.910251 1.027907 2.148437
-0.950458 1.029582 2.103163
-0.991362 1.028634 2.060449
-1.032783 1.029977 2.017637
-1.073938 1.028463 1.975274
-1.114272 1.030500 1.930326
-1.155461 1.030587 1.888640
-0.832526 0.992582 2.157456
-0.876064 0.995467 2.113540
-0.912936 0.995501 2.069430
-0.956262 0.994931 2.027063
-0.996880 0.995431 1.982156
-1.038562 0.995197 1.941076
-1.078143 0.995632 1.896642
-1.119531 0.996481 1.854450
-0.798176 0.960443 2.123389
-0.839215 0.960905 2.079944
-0.878285 0.963389 2.035537
-0.920533 0.960335 1.992139
-0.961515 0.961035 1.947912
-1.002025 0.960842 1.905346
-1.043650 0.961226 1.863091
-1.083782 0.962842 1.819718
