0.681422 1.150142 1.072746
0.641155 1.151444 1.029300
0.600746 1.153546 0.984521
0.560097 1.154508 0.940963
0.519622 1.154054 0.899387
0.476979 1.152587 0.856380
0.436296 1.155073 0.812632
0.395076 1.152158 0.770955
0.717983 1.115044 1.038978
0.677000 1.117355 0.993859
0.636198 1.118273 0.952343
0.594418 1.116720 0.907184
0.555479 1.116562 0.867327
0.511393 1.117346 0.823319
0.470851 1.119626 0.779035
0.429445 1.118357 0.737119
0.752423 1.079163 1.005459
0.710624 1.081130 0.962549
0.671139 1.080838 0.918618
0.627469 1.081795 0.874821
0.589035 1.081251 0.833272
0.545842 1.079997 0.788982
0.507556 1.082227 0.746061
0.464591 1.081650 0.704134
0.786104 1.044367 0.973269
0.745121 1.047647 0.928370
0.704737 1.047890 0.883628
0.662754 1.045301 0.842291
0.622460 1.048397 0.798214
0.579915 1.044539 0.757290
0.540121 1.045601 0.712127
0.498348 1.045790 0.670994
0.821523 1.008765 0.939413
0.779368 1.012211 0.894150
0.740160 1.009483 0.852352
0.697624 1.008820 0.809398
0.656209 1.009624 0.764975
0.615144 1.009680 0.724181
0.575155 1.009894 0.679822
0.533578 1.009207 0.637509
0.858032 0.974743 0.906681
0.813281 0.974105 0.863221
0.774916 0.976768 0.818065
0.731895 0.972360 0.775694
0.690752 0.974018 0.731798
0.650192 0.971989 0.688969
0.608321 0.972268 0.646927
0.568427 0.975775 0.603056
