0.519878 1.236256 0.168383
0.497563 1.238003 0.113067
0.476457 1.239504 0.056877
0.452951 1.240336 0.001662
0.428422 1.239579 -0.050149
0.404911 1.239742 -0.106145
0.382010 1.242438 -0.161680
0.357031 1.239642 -0.214989
0.553149 1.188189 0.154440
0.530204 1.188658 0.098820
0.508166 1.191512 0.043961
0.484413 1.190589 -0.012597
0.461617 1.190591 -0.063444
0.435662 1.191228 -0.120352
0.413654 1.193026 -0.175920
0.388672 1.191894 -0.229011
0.584971 1.139341 0.140302
0.561701 1.141960 0.084830
0.540048 1.141624 0.029909
0.515097 1.142330 -0.026641
0.493258 1.141694 -0.078594
0.467904 1.141125 -0.134923
0.446663 1.142586 -0.189044
0.421313 1.143202 -0.243386
0.616581 1.091518 0.126302
0.593039 1.093288 0.070971
0.570921 1.093280 0.014480
0.546872 1.092836 -0.039669
0.523268 1.094149 -0.094058
0.498904 1.093007 -0.147930
0.477048 1.094515 -0.204083
0.452739 1.095121 -0.257559
0.649323 1.042629 0.112156
0.624827 1.044379 0.055874
0.604079 1.043873 0.001661
0.577548 1.043858 -0.052904
0.555389 1.044185 -0.109170
0.530626 1.044977 -0.161983
0.508466 1.044450 -0.217217
0.484692 1.045734 -0.271488
0.681658 0.994748 0.097612
0.656706 0.996064 0.042586
0.635257 0.996190 -0.012378
0.609152 0.994643 -0.067392
0.586483 0.995312 -0.122953
0.563187 0.994767 -0.177148
0.538805 0.995759 -0.231208
0.516847 0.997300 -0.285847
