-1.427798 1.142091 -0.018994
-1.435335 1.142969 -0.078209
-1.442610 1.146408 -0.136747
-1.450322 1.145646 -0.195569
-1.458981 1.144482 -0.254942
-1.466413 1.145430 -0.314604
-1.473231 1.145163 -0.373572
-1.483595 1.143882 -0.434072
-1.379610 1.107259 -0.026634
-1.387665 1.108853 -0.085816
-1.393278 1.110034 -0.144345
-1.402282 1.111299 -0.202570
-1.410955 1.109171 -0.262704
-1.419840 1.110121 -0.321575
-1.425363 1.110225 -0.379721
-1.438242 1.109478 -0.440591
-1.330939 1.072251 -0.033521
-1.339069 1.073676 -0.092019
-1.346320 1.074518 -0.151080
-1.353651 1.074790 -0.210396
-1.363457 1.073890 -0.268956
-1.371474 1.073472 -0.326933
-1.377667 1.074489 -0.387526
-1.388042 1.074102 -0.446629
-1.283764 1.037101 -0.040380
-1.292222 1.038865 -0.100037
-1.299660 1.039603 -0.157053
-1.307579 1.040056 -0.218876
-1.315092 1.038649 -0.275217
-1.324549 1.038493 -0.335244
-1.330350 1.039231 -0.394278
-1.340936 1.039023 -0.453225
-1.235623 1.001665 -0.047285
-1.242846 1.002574 -0.105790
-1.250685 1.003186 -0.164562
-1.259898 1.004151 -0.226711
-1.268399 1.003321 -0.282175
-1.276377 1.002157 -0.342237
-1.284606 1.004122 -0.400895
-1.292450 1.004605 -0.460315
-1.186352 0.964812 -0.054179
-1.194508 0.967544 -0.112842
-1.203646 0.968340 -0.171861
-1.212314 0.966911 -0.231767
-1.220544 0.967226 -0.289301
-1.229752 0.966970 -0.347627
-1.237507 0.966553 -0.407238
-1.245059 0.969288 -0.466273
