0.563868 1.148324 2.164266
0.512897 1.148376 2.129718
0.467260 1.152209 2.094829
0.416424 1.153364 2.057229
0.368153 1.152529 2.025375
0.318561 1.153067 1.991394
0.269331 1.153843 1.956536
0.220132 1.152387 1.924414
0.589960 1.112953 2.123823
0.542932 1.113981 2.089749
0.492050 1.116007 2.055467
0.441970 1.114106 2.020144
0.396785 1.117539 1.986058
0.344561 1.117353 1.951725
0.294621 1.117316 1.919345
0.246852 1.117709 1.884694
0.616656 1.076770 2.083936
0.568060 1.081306 2.047024
0.519290 1.079070 2.015410
0.469573 1.081734 1.977832
0.421739 1.079041 1.948348
0.370571 1.078158 1.913718
0.323328 1.079372 1.879384
0.272864 1.079704 1.847288
0.643424 1.041752 2.044839
0.593353 1.042987 2.011060
0.544744 1.043601 1.975293
0.496793 1.045324 1.939286
0.446433 1.044062 1.908499
0.397328 1.042728 1.875648
0.348562 1.044364 1.839980
0.300836 1.046615 1.805156
0.670961 1.005847 2.004543
0.622457 1.008697 1.971255
0.573443 1.007140 1.935901
0.523693 1.009199 1.900140
0.474683 1.009814 1.864169
0.424132 1.007167 1.836226
0.376037 1.007361 1.800987
0.327175 1.008508 1.768424
0.698990 0.973043 1.961154
0.648367 0.973757 1.928264
0.599840 0.972406 1.896491
0.550163 0.972992 1.860280
0.502985 0.972836 1.829032
0.452948 0.973084 1.791312
0.401914 0.970870 1.762044
0.354036 0.972762 1.728302
