0.669328 1.210283 1.062893
0.623296 1.211836 1.025247
0.577876 1.213360 0.985814
0.530989 1.213364 0.949106
0.485373 1.213351 0.913414
0.438647 1.213969 0.875019
0.391968 1.215918 0.837534
0.344695 1.212253 0.802758
0.695483 1.166497 1.031111
0.648723 1.166707 0.992790
0.603417 1.169993 0.955495
0.555729 1.168454 0.917088
0.511964 1.169295 0.882034
0.462329 1.169506 0.843967
0.416413 1.170894 0.805801
0.369650 1.169675 0.770226
0.720071 1.121934 0.999546
0.673424 1.124747 0.961981
0.628076 1.124041 0.923808
0.579653 1.124764 0.886029
0.536084 1.124424 0.849998
0.487213 1.123498 0.811898
0.442806 1.125087 0.774429
0.394817 1.125245 0.738320
0.744659 1.078358 0.968350
0.697605 1.080074 0.930739
0.646639 1.077749 0.892344
0.605107 1.079606 0.855150
0.558641 1.081050 0.818009
0.511894 1.080050 0.781693
0.465905 1.081045 0.742851
0.419239 1.081492 0.706986
0.770180 1.033925 0.936313
0.721968 1.035722 0.898290
0.668945 1.032973 0.871582
0.629469 1.035058 0.824561
0.583183 1.035394 0.785471
0.536215 1.035519 0.750683
0.490958 1.035364 0.712246
0.444229 1.036498 0.675808
0.794112 0.987982 0.905800
0.747117 0.991366 0.867780
0.702139 0.991687 0.829459
0.653717 0.989945 0.792851
0.607787 0.991026 0.754404
0.561429 0.989851 0.717762
0.514514 0.990752 0.681565
0.469030 0.991980 0.644043
