0.414775 1.207760 0.889472
0.375415 1.209590 0.845001
0.336096 1.210484 0.799923
0.296056 1.211746 0.755054
0.255618 1.210413 0.715202
0.214716 1.210718 0.670335
0.174570 1.213315 0.625471
0.133332 1.210663 0.583320
0.445511 1.164296 0.861619
0.404207 1.163362 0.817901
0.365399 1.166659 0.773876
0.324949 1.166174 0.727432
0.287135 1.167848 0.686804
0.242302 1.166386 0.642738
0.203746 1.168810 0.597521
0.162514 1.167282 0.555452
0.474985 1.120162 0.833900
0.434450 1.122860 0.789738
0.395007 1.121241 0.746028
0.352903 1.122414 0.700581
0.314916 1.121564 0.659113
0.272839 1.120478 0.613866
0.234183 1.122921 0.570255
0.192481 1.123242 0.527376
0.504321 1.077035 0.806678
0.462954 1.076619 0.763094
0.423052 1.077508 0.717691
0.382534 1.077168 0.674071
0.342182 1.078527 0.630833
0.301892 1.076902 0.587696
0.262648 1.078784 0.541832
0.221466 1.079614 0.499589
0.534126 1.031898 0.779630
0.491464 1.032879 0.734634
0.453984 1.032533 0.690613
0.411708 1.032890 0.647220
0.371656 1.033190 0.601884
0.326721 1.029755 0.563126
0.291480 1.033765 0.515226
0.242905 1.026978 0.477280
0.564127 0.988132 0.751531
0.521837 0.988396 0.707648
0.483427 0.990143 0.663104
0.441374 0.988876 0.618989
0.402021 0.991011 0.573605
0.361615 0.990009 0.530016
0.319593 0.989294 0.488049
0.281402 0.992600 0.443225
