-0.670137 1.145191 0.418897
-0.690923 1.146183 0.363155
-0.712222 1.147685 0.306309
-0.732281 1.148378 0.250815
-0.753354 1.148213 0.196710
-0.774493 1.148619 0.140112
-0.795056 1.151847 0.083350
-0.817017 1.148714 0.028679
-0.624275 1.110222 0.401850
-0.645362 1.110534 0.345153
-0.666167 1.113322 0.290210
-0.688679 1.111415 0.232797
-0.706670 1.113444 0.179896
-0.730846 1.112958 0.122502
-0.750664 1.114826 0.066221
-0.772667 1.113871 0.011348
-0.579261 1.073995 0.384446
-0.600690 1.077188 0.327683
-0.620803 1.076515 0.272675
-0.643598 1.077058 0.215452
-0.662665 1.076570 0.162182
-0.685180 1.075617 0.104654
-0.704650 1.077550 0.049797
-0.727506 1.077757 -0.005776
-0.534599 1.039755 0.366539
-0.557100 1.040379 0.311250
-0.577013 1.040742 0.254183
-0.598410 1.040368 0.199048
-0.619805 1.041411 0.143450
-0.641528 1.040701 0.088333
-0.661078 1.041998 0.031508
-0.683642 1.042123 -0.022816
-0.490009 1.003217 0.349684
-0.511858 1.005443 0.292008
-0.531103 1.004671 0.237864
-0.554484 1.004686 0.182038
-0.574646 1.004584 0.124912
-0.596950 1.005118 0.070888
-0.617201 1.005042 0.014970
-0.637714 1.006718 -0.040846
-0.444464 0.968456 0.331575
-0.467897 0.968366 0.276390
-0.486467 0.970557 0.219932
-0.509190 0.968595 0.163606
-0.529866 0.969082 0.107692
-0.550873 0.967945 0.053177
-0.573050 0.968990 -0.002466
-0.593075 0.970424 -0.057838
