0.882607 1.148859 1.634281
0.836347 1.147928 1.598532
0.790243 1.150742 1.559644
0.743893 1.151432 1.521810
0.697645 1.150420 1.487210
0.650672 1.150814 1.449168
0.605317 1.150418 1.414534
0.557348 1.150867 1.375366
0.912859 1.111927 1.598602
0.865829 1.111944 1.560512
0.820455 1.115428 1.523280
0.773456 1.113931 1.484096
0.729023 1.114812 1.450013
0.679284 1.114809 1.412054
0.634060 1.116798 1.372924
0.586585 1.115546 1.338166
0.942270 1.075406 1.560962
0.895049 1.077836 1.523940
0.850238 1.078069 1.485492
0.801618 1.078656 1.447582
0.757980 1.078192 1.411619
0.709442 1.077662 1.373454
0.665415 1.079327 1.335565
0.617382 1.079116 1.299711
0.971806 1.040152 1.524233
0.924744 1.041013 1.486333
0.878395 1.042477 1.447407
0.832293 1.041182 1.410344
0.785236 1.043126 1.373915
0.739624 1.044442 1.335115
0.692764 1.043926 1.298417
0.647035 1.046354 1.260662
1.001712 1.003748 1.486272
0.955496 1.007293 1.449390
0.910381 1.005244 1.410054
0.861224 1.005418 1.374107
0.815564 1.008214 1.333118
0.770092 1.007322 1.301107
0.723220 1.005891 1.261199
0.675843 1.007522 1.225206
1.031379 0.968296 1.448600
0.983257 0.969426 1.411717
0.939305 0.970136 1.372900
0.890317 0.968489 1.336342
0.844746 0.969297 1.297513
0.798031 0.968387 1.260815
0.751150 0.969916 1.224800
0.706357 0.974043 1.185512
