0.859150 1.052528 2.094080
0.825698 1.051102 2.144749
0.763614 1.050393 2.246066
0.855325 0.939652 2.019968
0.861813 1.164979 2.164836
0.715570 0.993481 2.285500
0.634679 0.935867 2.374866
0.795605 1.049951 2.195702
0.750709 1.219130 2.379735
0.782889 1.218241 2.328745
0.945533 1.219928 2.077300
0.911820 1.219627 2.128381
0.874345 0.997036 2.028990
0.722542 1.216391 2.431092
0.683492 0.991754 2.335525
0.823936 0.940363 2.071627
0.791580 0.938982 2.121377
0.761575 0.937314 2.174043
0.809124 0.994024 2.132198
0.811870 1.106868 2.207349
0.732936 1.049152 2.296549
0.779848 0.995622 2.181773
0.766242 1.162398 2.318664
0.841004 0.996264 2.083492
0.728697 0.936729 2.224180
0.652389 0.992299 2.385664
0.799793 1.162866 2.264067
0.666797 0.936068 2.325402
0.876143 1.108646 2.105083
0.816176 1.218730 2.278113
0.926506 1.162880 2.066172
0.745643 0.992805 2.235342
0.877973 1.219248 2.178061
0.846105 1.219214 2.228669
0.893684 1.162588 2.116304
0.748947 1.104512 2.307748
0.829428 1.162776 2.216877
0.891749 1.051612 2.043512
0.843238 1.106949 2.154457
0.909348 1.106709 2.054826
0.687707 1.105907 2.406012
0.781141 1.105324 2.255184
0.716959 1.104367 2.356287
0.697109 0.935951 2.274295
0.733525 1.162548 2.368983
0.699569 1.049002 2.346829
0.670445 1.050510 2.394899
0.704541 1.161105 2.419561