-0.752945 0.985170 1.832018
-0.728530 1.154691 1.914660
-0.614312 1.043862 1.635274
-0.577301 1.154365 1.656443
-0.716095 1.097585 1.850492
-0.589726 1.211289 1.719151
-0.670156 1.154252 1.811422
-0.652068 1.211184 1.821779
-0.711215 1.210332 1.924372
-0.800316 0.928537 1.872468
-0.693863 0.986396 1.726817
-0.622291 1.211427 1.770032
-0.811443 0.984380 1.934326
-0.776755 1.096828 1.954114
-0.687359 1.098856 1.801576
-0.681263 0.932748 1.665789
-0.739687 0.929719 1.770368
-0.704490 1.042322 1.790535
-0.711722 0.931502 1.716692
-0.770499 0.929431 1.821482
-0.763303 1.041636 1.893659
-0.676660 1.043627 1.738885
-0.734325 1.042544 1.842036
-0.781484 0.986228 1.883423
-0.829084 0.928962 1.924515
-0.644552 1.044641 1.686837
-0.626752 1.100471 1.697009
-0.657858 1.098833 1.747646
-0.679795 1.210722 1.872267
-0.640117 1.156391 1.758645
-0.823167 1.041919 1.996508
-0.746567 1.096735 1.904403
-0.786755 1.154070 2.017827
-0.663704 0.988428 1.677215
-0.794687 1.041448 1.945129
-0.609182 1.154795 1.708028
-0.741601 1.211610 1.976158
-0.721860 0.986517 1.780280
-0.768405 1.208654 2.028757
-0.759386 1.154641 1.966151
-0.697981 1.154332 1.859950
-0.633328 0.987636 1.623673
-0.859492 0.929091 1.975255
-0.805034 1.097042 2.007066
-0.651686 0.931705 1.612677
-0.840892 0.985177 1.985536
-0.558705 1.210768 1.668173
-0.595472 1.098549 1.645783