0.130528 0.931763 0.774116
0.151558 0.987474 0.774807
0.124640 0.930041 0.954212
0.154972 1.042259 1.193320
0.136485 0.985126 1.132979
0.120284 0.929988 1.013988
0.236650 1.211630 0.780169
0.139681 0.986549 1.073578
0.156205 1.042231 1.134766
0.214624 1.155385 0.778381
0.173161 1.044112 0.776342
0.204496 1.155119 0.958334
0.225385 1.212063 0.959085
0.207263 1.156853 0.897606
0.220476 1.211024 1.077507
0.200744 1.155389 1.077111
0.179730 1.097601 1.076454
0.161722 1.043637 1.015477
0.185944 1.099680 0.896476
0.170000 1.045070 0.836234
0.164471 1.043024 0.956088
0.184755 1.099775 0.957858
0.217441 1.212243 1.137702
0.223857 1.211661 1.017216
0.202244 1.155159 1.014501
0.227449 1.212295 0.899605
0.165658 1.043962 0.896959
0.217721 1.209586 1.196660
0.197007 1.155478 1.137087
0.176162 1.097551 1.134358
0.144715 0.987006 0.954737
0.196858 1.154441 1.195315
0.144884 0.986832 0.894151
0.175776 1.097806 1.194442
0.181732 1.098392 1.014511
0.140674 0.985987 1.015172
0.190259 1.101083 0.837178
0.160025 1.042378 1.074733
0.211113 1.155247 0.838264
0.233072 1.212126 0.839463
0.149076 0.988770 0.836142
0.128402 0.932887 0.834431
0.134045 0.985702 1.191935
0.117778 0.929076 1.073016
0.112832 0.929616 1.191437
0.116365 0.929608 1.132444
0.124340 0.931812 0.893611
0.193965 1.099252 0.777376