1.356856 0.993204 0.992955
1.351628 0.992144 1.053163
1.380940 1.104603 1.233205
1.388676 1.104620 1.114774
1.363854 1.049011 1.172684
1.383670 1.104020 1.173379
1.372419 1.049863 1.053929
1.369331 1.049278 1.112788
1.392563 1.104678 1.053427
1.422082 1.216356 1.236462
1.402704 1.160996 1.234619
1.360837 1.049437 1.231201
1.344460 0.992028 1.170477
1.339854 0.992565 1.229884
1.349424 0.992621 1.111597
1.358968 0.992691 0.932373
1.318964 0.935897 1.228968
1.324155 0.935737 1.170160
1.326859 0.935276 1.110823
1.331521 0.936221 1.051602
1.337498 0.936006 0.991872
1.389876 1.050217 0.815138
1.385289 1.051187 0.874989
1.404709 1.107432 0.876549
1.343645 0.940741 0.810061
1.338965 0.937630 0.931092
1.364816 0.994713 0.874506
1.451847 1.217737 0.820958
1.409797 1.161673 1.116392
1.404426 1.162552 1.176053
1.344235 0.938894 0.872242
1.410074 1.105308 0.816946
1.415830 1.161463 0.998056
1.412844 1.161560 1.053797
1.424742 1.219257 1.177302
1.434696 1.217832 1.057030
1.429588 1.217636 1.117331
1.368458 0.993719 0.813033
1.439913 1.218484 0.939844
1.437206 1.218542 0.999012
1.426482 1.161127 0.877827
1.420757 1.163074 0.936989
1.379392 1.050021 0.935503
1.447444 1.218346 0.879677
1.396978 1.105998 0.996930
1.376963 1.049087 0.994565
1.431026 1.161406 0.818381
1.399276 1.106394 0.935114