-0.634165 1.151740 0.843209
-0.689666 0.983585 0.774561
-0.699333 0.978835 1.072102
-0.676799 1.035365 1.014925
-0.652673 1.091273 0.957287
-0.659262 1.091373 1.075575
-0.620655 1.152106 0.722945
-0.715585 0.922569 1.012109
-0.615991 1.209545 0.844928
-0.669894 1.037700 0.896141
-0.669819 1.038127 0.838422
-0.671907 1.035923 0.954909
-0.696358 0.978339 1.013031
-0.613536 1.205285 0.959397
-0.650215 1.092606 0.895671
-0.629797 1.149407 0.895779
-0.651294 1.095666 0.841301
-0.687564 0.981718 0.835910
-0.618242 1.212166 0.783016
-0.633206 1.149595 0.958887
-0.608769 1.205902 0.898966
-0.671174 1.040950 0.778236
-0.637712 1.149618 1.018566
-0.692222 0.980278 0.953847
-0.653009 1.097455 0.778186
-0.617131 1.206093 1.019229
-0.676404 0.984990 0.656762
-0.657830 1.091252 1.015445
-0.698881 0.928605 0.714613
-0.635349 1.155767 0.780125
-0.618018 1.203328 1.078342
-0.634884 1.097030 0.661717
-0.678937 0.984651 0.717340
-0.601912 1.209959 0.724794
-0.719890 0.922370 1.071066
-0.690532 0.979846 0.895321
-0.638786 1.148309 1.077105
-0.710067 0.923724 0.893572
-0.655105 1.041662 0.659273
-0.713637 0.922371 0.952650
-0.707317 0.927013 0.773168
-0.696543 0.928954 0.654040
-0.706313 0.924372 0.834300
-0.593683 1.209784 0.667455
-0.679382 1.035496 1.073935
-0.639812 1.097638 0.720808
-0.658875 1.041350 0.718913
-0.615055 1.153307 0.664067