-0.502650 0.930846 1.177207
-0.468600 1.096530 1.365323
-0.484291 0.931525 1.059080
-0.400015 1.154564 1.072687
-0.491840 0.932006 1.118643
-0.547100 0.927957 1.471937
-0.526586 0.984322 1.474979
-0.420415 1.098497 1.069221
-0.389174 1.211459 1.135610
-0.400631 1.211052 1.194797
-0.486096 1.096569 1.482115
-0.428505 1.209972 1.371206
-0.430025 1.153730 1.250376
-0.506248 1.040826 1.478647
-0.420832 1.155809 1.190479
-0.451574 1.044495 1.125634
-0.410625 1.154460 1.131760
-0.462291 1.043166 1.185413
-0.459566 1.097416 1.303949
-0.509127 0.929109 1.237389
-0.488621 0.985539 1.239943
-0.519337 0.928318 1.296010
-0.469870 1.041847 1.243960
-0.507667 0.985243 1.357964
-0.537155 0.928148 1.413754
-0.479452 1.042470 1.302763
-0.449610 1.098464 1.247667
-0.487760 1.041180 1.361261
-0.517527 0.983638 1.416561
-0.529277 0.927683 1.354774
-0.431084 1.100267 1.128229
-0.378630 1.210879 1.076837
-0.478129 1.095970 1.422153
-0.498328 1.040851 1.420584
-0.409553 1.210817 1.253787
-0.463171 0.987100 1.062302
-0.439408 1.154209 1.306517
-0.418521 1.210673 1.311671
-0.444267 1.208072 1.488844
-0.437616 1.210562 1.430178
-0.448100 1.154364 1.368399
-0.457908 1.154091 1.427299
-0.441167 1.043368 1.065889
-0.465396 1.153132 1.485486
-0.472356 0.988190 1.123067
-0.482334 0.985916 1.180340
-0.442134 1.098941 1.187376
-0.500045 0.984701 1.299931