1.272791 1.161063 0.081864
1.284597 1.047257 0.263693
1.195458 0.936203 0.102895
1.211608 0.935495 0.160303
1.228260 0.934454 0.217418
1.214914 0.993051 0.096683
1.246557 0.934504 0.273902
1.203147 1.106434 -0.086143
1.223257 1.162680 -0.091988
1.250927 1.049244 0.148954
1.233574 1.049024 0.092356
1.303082 1.102637 0.257319
1.287577 1.102987 0.201156
1.323501 1.160737 0.253290
1.194914 0.993185 0.039908
1.215076 1.050369 0.036085
1.342517 1.159251 0.308423
1.269111 1.104097 0.142132
1.179696 0.995735 -0.016452
1.175692 0.938118 0.045601
1.230920 0.991553 0.155511
1.182879 1.051352 -0.080720
1.268462 1.047769 0.205646
1.161741 0.994930 -0.074893
1.159489 0.939844 -0.011461
1.260471 1.219061 -0.039762
1.141119 0.939355 -0.069346
1.307054 1.160946 0.195535
1.244991 1.218787 -0.097324
1.199473 1.051948 -0.022429
1.253200 1.105821 0.087703
1.274634 1.218856 0.018943
1.233554 1.106341 0.029505
1.218769 1.107923 -0.027964
1.288065 1.161050 0.135735
1.249152 0.991821 0.210945
1.254830 1.163583 0.023267
1.265380 0.990030 0.268263
1.239882 1.161998 -0.034186
1.322328 1.102723 0.314019
1.364323 1.214198 0.302054
1.310924 1.217329 0.130437
1.327291 1.216560 0.189102
1.344233 1.217307 0.246792
1.302613 1.047082 0.319507
1.291672 1.218761 0.076274
1.282704 0.990467 0.324675
1.262616 0.934238 0.330732