-0.873882 1.262287 0.438604
-0.814873 1.266560 0.438922
-0.754749 1.268423 0.439494
-0.694476 1.271256 0.441152
-0.636355 1.274766 0.441860
-0.576231 1.277163 0.441081
-0.516037 1.280988 0.441799
-0.456093 1.283700 0.442242
-0.871644 1.205128 0.421243
-0.812216 1.209138 0.420362
-0.752769 1.211966 0.421141
-0.691979 1.213508 0.422266
-0.632360 1.216719 0.422083
-0.572374 1.221089 0.422729
-0.512713 1.223338 0.422411
-0.452699 1.226323 0.422233
-0.869168 1.147615 0.402421
-0.808269 1.149901 0.402024
-0.749872 1.153351 0.401668
-0.687923 1.156691 0.402586
-0.630155 1.160814 0.403382
-0.569414 1.163340 0.403280
-0.509760 1.167970 0.403834
-0.449507 1.169586 0.403812
-0.866402 1.091072 0.384166
-0.806889 1.093771 0.383744
-0.746229 1.097337 0.384074
-0.687038 1.100854 0.384451
-0.626073 1.103389 0.384561
-0.567882 1.106551 0.384930
-0.506770 1.111346 0.385352
-0.446414 1.113253 0.385720
-0.863287 1.033643 0.365834
-0.803000 1.036042 0.365866
-0.743410 1.040439 0.366259
-0.684713 1.042322 0.366148
-0.622983 1.046806 0.366256
-0.563122 1.048465 0.366278
-0.504953 1.053514 0.367333
-0.429643 1.068680 0.366724
-0.860170 0.976381 0.347374
-0.800696 0.979241 0.347907
-0.740993 0.981854 0.347088
-0.681658 0.985159 0.348324
-0.620654 0.988939 0.348183
-0.560756 0.992274 0.348817
-0.501249 0.996759 0.349142
-0.440157 0.998345 0.348996
