-1.017 1.307 0.615
-1.056 1.308 0.604
-1.095 1.309 0.594
-1.131 1.309 0.582
-1.168 1.312 0.574
-1.206 1.312 0.562
-1.241 1.314 0.553
-1.281 1.314 0.543

-1.016 1.272 0.652
-1.054 1.272 0.590
-1.092 1.273 0.579
-1.128 1.275 0.569
-1.166 1.277 0.558
-1.202 1.275 0.546
-1.241 1.278 0.539
-1.277 1.280 0.527

-1.012 1.236 0.586
-1.051 1.238 0.575
-1.087 1.238 0.565
-1.125 1.237 0.553
-1.162 1.243 0.545
-1.199 1.240 0.533
-1.238 1.241 0.522
-1.273 1.242 0.512

-1.010 1.200 0.571
-1.048 1.205 0.561
-1.085 1.203 0.551
-1.122 1.205 0.540
-1.161 1.205 0.527
-1.196 1.205 0.518
-1.234 1.206 0.507
-1.271 1.208 0.497

-1.007 1.165 0.555
-1.045 1.167 0.545
-1.083 1.168 0.534
-1.120 1.168 0.523
-1.155 1.167 0.513
-1.194 1.169 0.502
-1.230 1.170 0.493
-1.268 1.172 0.482

-1.003 1.130 0.542
-1.043 1.130 0.529
-1.078 1.130 0.519
-1.115 1.131 0.508
-1.153 1.132 0.497
-1.189 1.133 0.486
-1.227 1.135 0.477
-1.265 1.137 0.467