0.220 1.302 0.509
0.188 1.301 0.384
0.142 1.304 0.510
0.103 1.305 0.507
0.063 1.307 0.506
0.027 1.307 0.510
-0.014 1.305 0.510 
-0.053 1.310 0.510

0.219 1.266 0.495
0.177 1.267 0.496
0.141 1.267 0.495
0.101 1.270 0.496
0.061 1.269 0.494
0.025 1.271 0.496
-0.015 1.272 0.495
-0.052 1.271 0.496

0.218 1.231 0.481
0.179 1.234 0.482
0.140 1.233 0.481
0.100 1.234 0.481
0.060 1.235 0.481
0.026 1.234 0.480
-0.015 1.235 0.480
-0.054 1.239 0.482

0.218 1.195 0.466
0.177 1.196 0.466
0.138 1.198 0.466
0.101 1.200 0.467
0.063 1.198 0.465
0.022 1.198 0.465
-0.017 1.199 0.466
-0.056 1.203 0.467

0.212 1.161 0.451
0.177 1.160 0.451
0.137 1.161 0.451
0.100 1.162 0.451
0.061 1.162 0.451
0.021 1.163 0.451
-0.017 1.167 0.453
-0.056 1.648 0.452

0.214 1.126 0.437
0.176 1.124 0.436
0.137 1.126 0.437
0.098 1.124 0.436
0.059 1.127 0.436
0.019 1.129 0.437
-0.016 1.129 0.436
-0.058 1.129 0.436