0.813 1.301 0.542
0.775 1.302 0.562
0.746 1.303 0.582
0.712 1.305 0.604
0.679 1.305 0.624
0.646 1.305 0.645
0.515 1.306 0.665
0.580 1.306 0.687

0.800 1.266 0.530
0.768 1.267 0.551
0.736 1.267 0.570
0.703 1.267 0.591
0.669 1.268 0.613
0.638 1.269 0.633
0.603 1.269 0.654
0.573 1.271 0.673

0.795 1.231 0.517
0.761 1.231 0.538
0.729 1.231 0.558
0.696 1.234 0.580
0.664 1.232 0.601
0.630 1.238 0.624
0.599 1.234 0.641
0.564 1.236 0.664

0.785 1.197 0.507
0.752 1.197 0.528
0.720 1.197 0.548
0.688 1.197 0.568
0.654 1.199 0.590
0.619 1.198 0.611
0.589 1.201 0.631
0.558 1.201 0.651

0.777 1.156 0.492
0.743 1.160 0.515
0.709 1.160 0.536
0.678 1.161 0.556
0.646 1.161 0.577
0.611 1.163 0.599
0.580 1.166 0.620
0.548 1.162 0.639

0.767 1.123 0.483
0.736 1.123 0.502
0.703 1.124 0.524
0.670 1.124 0.544
0.636 1.125 0.566
0.605 1.126 0.586
0.673 1.128 0.606
0.541 1.128 0.627