0.397895 1.258276 0.676521
0.347239 1.259297 0.644534
0.295998 1.259730 0.612402
0.244940 1.261433 0.580699
0.195282 1.261947 0.549954
0.144539 1.262868 0.517311
0.093059 1.264951 0.485361
0.043877 1.264927 0.453727
0.410275 1.202266 0.655459
0.359000 1.202934 0.624385
0.308367 1.205270 0.592803
0.257164 1.205007 0.560622
0.206966 1.206101 0.528837
0.155224 1.207989 0.497424
0.104443 1.209110 0.465207
0.053834 1.209478 0.434138
0.421502 1.146554 0.636336
0.370641 1.149286 0.604258
0.319862 1.148616 0.572524
0.268277 1.150468 0.540295
0.219076 1.150323 0.509371
0.166901 1.151138 0.476002
0.116783 1.151769 0.445612
0.065334 1.153841 0.413593
0.432863 1.091913 0.616386
0.381268 1.093903 0.585172
0.329651 1.093474 0.552004
0.280203 1.094080 0.521385
0.228807 1.096053 0.488835
0.178004 1.096367 0.457739
0.127083 1.097285 0.424979
0.075699 1.098573 0.394074
0.444382 1.035496 0.597123
0.391816 1.038024 0.564418
0.342415 1.036865 0.532948
0.291766 1.039127 0.501702
0.238976 1.038853 0.469005
0.189466 1.041269 0.437602
0.138831 1.040907 0.405668
0.087561 1.042738 0.374038
0.455468 0.979966 0.577168
0.403452 0.982407 0.545335
0.353219 0.982188 0.513287
0.301823 0.982658 0.481860
0.250418 0.983467 0.449162
0.200263 0.983950 0.417028
0.149409 0.985812 0.385787
0.098217 0.986513 0.354584
