0.912329 1.259057 0.751442
0.858937 1.260506 0.724369
0.805573 1.260539 0.696195
0.751762 1.262079 0.669292
0.700167 1.262563 0.642497
0.646472 1.263381 0.614442
0.592939 1.264960 0.586837
0.540855 1.264970 0.559622
0.922758 1.203597 0.730325
0.869300 1.203924 0.703206
0.815938 1.206123 0.676431
0.762754 1.205496 0.648287
0.709569 1.206471 0.621147
0.655695 1.208366 0.594094
0.602180 1.209193 0.566155
0.549007 1.209279 0.539534
0.932619 1.147597 0.710232
0.879200 1.150250 0.682861
0.825940 1.149356 0.655419
0.771677 1.151085 0.627614
0.720431 1.150408 0.600852
0.665294 1.151244 0.572146
0.613094 1.151787 0.545695
0.558966 1.153633 0.518397
0.942334 1.092960 0.690159
0.888294 1.094805 0.662982
0.834118 1.094214 0.634324
0.781960 1.094308 0.608047
0.728123 1.096384 0.579920
0.675057 1.096403 0.552737
0.621417 1.097135 0.524719
0.567529 1.098134 0.498350
0.951977 1.036400 0.669979
0.897004 1.038804 0.641695
0.845026 1.037369 0.614636
0.792131 1.039598 0.587614
0.736906 1.039060 0.559144
0.684644 1.041349 0.532492
0.631066 1.040293 0.505257
0.577799 1.042218 0.477787
0.961577 0.980758 0.649335
0.907132 0.982976 0.622013
0.854443 0.982839 0.593890
0.800763 0.982798 0.567048
0.746612 0.983471 0.539124
0.693992 0.983881 0.510973
0.640581 0.985577 0.484109
0.586931 0.985928 0.457745
