0.065959 1.259699 1.265707
0.017053 1.260218 1.231259
-0.030933 1.261625 1.195012
-0.081333 1.261377 1.160524
-0.127198 1.263735 1.126020
-0.176199 1.263384 1.089715
-0.226146 1.264780 1.054792
-0.272254 1.265431 1.019291
0.079615 1.203230 1.246183
0.030968 1.204725 1.211448
-0.017690 1.206044 1.176591
-0.065888 1.206825 1.140684
-0.114553 1.206642 1.105412
-0.164814 1.207862 1.071008
-0.212206 1.209934 1.034618
-0.259939 1.211377 1.000727
0.092605 1.148551 1.227593
0.043406 1.150134 1.192640
-0.004552 1.150131 1.157266
-0.054104 1.151218 1.121050
-0.100645 1.151897 1.087420
-0.150728 1.151813 1.049910
-0.199289 1.151873 1.016474
-0.247851 1.154479 0.980593
0.104220 1.092215 1.209146
0.056104 1.095553 1.173880
0.006458 1.094280 1.137033
-0.040182 1.095995 1.103320
-0.089910 1.096855 1.067087
-0.137575 1.098222 1.032695
-0.186834 1.098062 0.996298
-0.235286 1.100372 0.962398
0.118311 1.037294 1.190176
0.067711 1.038828 1.153759
0.021046 1.038506 1.119292
-0.027738 1.040038 1.084151
-0.078663 1.039220 1.048122
-0.125551 1.042029 1.013342
-0.174771 1.041085 0.978394
-0.222619 1.043575 0.942817
0.130512 0.981085 1.170766
0.080793 0.984142 1.136117
0.032852 0.983279 1.100010
-0.016609 0.983084 1.065375
-0.065249 0.984314 1.028852
-0.112534 0.985706 0.993874
-0.161930 0.986520 0.958783
-0.209952 0.988253 0.924591
