-0.247465 1.262112 1.233172
-0.295908 1.263439 1.198161
-0.344079 1.264378 1.161884
-0.393305 1.265643 1.127095
-0.440293 1.266446 1.092766
-0.488981 1.267375 1.057053
-0.537345 1.269511 1.021079
-0.584601 1.268061 0.985139
-0.235198 1.204530 1.213835
-0.282307 1.207366 1.178347
-0.330987 1.209420 1.143636
-0.379116 1.209648 1.107638
-0.427615 1.210289 1.072775
-0.476608 1.212545 1.037519
-0.525450 1.213554 1.002274
-0.572798 1.214420 0.967214
-0.220627 1.151084 1.194325
-0.269342 1.153715 1.159154
-0.317967 1.152864 1.124070
-0.366984 1.155363 1.088280
-0.413789 1.154856 1.053919
-0.463805 1.155887 1.017143
-0.511213 1.156438 0.983138
-0.560587 1.158744 0.947672
-0.209560 1.094303 1.175755
-0.257041 1.098582 1.140348
-0.306588 1.097848 1.104141
-0.353487 1.098867 1.069921
-0.403063 1.100581 1.034265
-0.450785 1.101353 0.999208
-0.499866 1.102124 0.963455
-0.548184 1.103585 0.928516
-0.196358 1.038228 1.156648
-0.245234 1.041412 1.119880
-0.292270 1.041228 1.085617
-0.340596 1.043722 1.050812
-0.390896 1.043481 1.014515
-0.438300 1.046270 0.980219
-0.486478 1.045806 0.944666
-0.535285 1.047809 0.909573
-0.182383 0.984674 1.137332
-0.232195 0.987041 1.102177
-0.280066 0.986793 1.066880
-0.328708 0.987544 1.031530
-0.377943 0.987259 0.994264
-0.425450 0.988955 0.959710
-0.474631 0.990662 0.925527
-0.522556 0.991951 0.890222
