-0.703050 1.262233 0.816257
-0.741169 1.264262 0.770900
-0.778473 1.264471 0.722956
-0.817341 1.267288 0.677436
-0.853765 1.267181 0.631876
-0.892260 1.268916 0.585969
-0.929939 1.270137 0.540121
-0.967246 1.270213 0.493829
-0.684760 1.207125 0.801089
-0.722675 1.208011 0.753918
-0.761227 1.210513 0.708928
-0.798542 1.210231 0.661422
-0.836557 1.211712 0.615918
-0.875258 1.213851 0.569293
-0.913508 1.214897 0.523338
-0.950445 1.215151 0.478689
-0.667926 1.153197 0.787670
-0.705733 1.154555 0.739579
-0.745822 1.154121 0.692946
-0.782070 1.156005 0.646056
-0.818171 1.155880 0.600240
-0.857393 1.157852 0.552656
-0.894414 1.157876 0.507149
-0.933472 1.160453 0.460927
-0.651109 1.098347 0.772043
-0.692027 1.098081 0.725344
-0.727870 1.099631 0.677539
-0.763798 1.099694 0.630988
-0.803069 1.101946 0.584466
-0.840216 1.102574 0.537775
-0.878797 1.104468 0.491280
-0.916247 1.105209 0.444709
-0.633454 1.042227 0.756707
-0.673093 1.044193 0.708923
-0.709470 1.043922 0.663359
-0.747677 1.045553 0.617477
-0.786551 1.046715 0.570099
-0.823919 1.048268 0.524024
-0.860876 1.047307 0.475971
-0.899591 1.049661 0.429983
-0.618571 0.984516 0.740952
-0.658293 0.986794 0.694291
-0.694961 0.987295 0.647711
-0.731206 0.990197 0.601585
-0.771660 0.988862 0.553803
-0.809147 0.989505 0.507245
-0.844947 0.993207 0.461673
-0.882646 0.995019 0.415884
