0.876507 1.257901 0.937369
0.823060 1.258874 0.910375
0.769364 1.259370 0.882856
0.715339 1.260329 0.856161
0.663422 1.260932 0.830157
0.609551 1.261254 0.802378
0.555815 1.263201 0.775149
0.503295 1.262630 0.748554
0.887217 1.202256 0.915611
0.833392 1.202667 0.889273
0.779780 1.204620 0.862521
0.726307 1.204458 0.835158
0.672932 1.204956 0.808290
0.618813 1.206772 0.781782
0.565023 1.207393 0.754277
0.512111 1.207849 0.728029
0.896943 1.146418 0.895365
0.843186 1.148993 0.868441
0.789591 1.148220 0.841682
0.735306 1.149517 0.813948
0.683775 1.148985 0.787747
0.628603 1.149889 0.759354
0.575924 1.150368 0.733809
0.521620 1.151942 0.706557
0.906598 1.091859 0.874787
0.852470 1.093669 0.848324
0.797895 1.093050 0.820185
0.745851 1.093562 0.794209
0.691486 1.094949 0.766592
0.638241 1.095133 0.740240
0.584360 1.095641 0.712384
0.530726 1.095782 0.686310
0.916653 1.035804 0.854386
0.861146 1.037581 0.826792
0.809215 1.036272 0.800044
0.755796 1.038362 0.773557
0.700342 1.037880 0.745940
0.647821 1.039820 0.719282
0.594560 1.038990 0.692323
0.540520 1.040843 0.665415
0.926124 0.979903 0.833665
0.871176 0.982328 0.807046
0.818259 0.981657 0.779462
0.764481 0.981916 0.752915
0.709965 0.982299 0.725029
0.657245 0.982965 0.697857
0.603439 0.984125 0.671569
0.550110 0.984918 0.645221
