1.141527 1.254323 0.862996
1.086739 1.256010 0.838822
1.031949 1.256509 0.813449
0.976585 1.258327 0.789628
0.923617 1.258739 0.765611
0.868351 1.259707 0.740837
0.813459 1.262015 0.716095
0.759764 1.262002 0.691932
1.151600 1.199724 0.839144
1.096526 1.200627 0.815064
1.041690 1.202826 0.791182
0.986960 1.202470 0.766004
0.932462 1.203884 0.741967
0.877150 1.205737 0.717696
0.821935 1.206844 0.693289
0.768258 1.207488 0.669185
1.160861 1.144814 0.816294
1.105749 1.147437 0.792257
1.051179 1.146853 0.767657
0.995447 1.148807 0.743028
0.942674 1.148603 0.719045
0.886119 1.149684 0.693632
0.832490 1.150164 0.670429
0.776894 1.152425 0.645337
1.169977 1.090967 0.793813
1.114686 1.092705 0.769761
1.058766 1.092614 0.744275
1.005600 1.093295 0.720555
0.949696 1.095233 0.696035
0.895592 1.095921 0.671976
0.840239 1.096744 0.647000
0.785716 1.098209 0.623154
1.179528 1.035311 0.771052
1.122698 1.037730 0.746424
1.069538 1.036635 0.721829
1.014921 1.039160 0.698159
0.958352 1.038960 0.672692
0.904499 1.041542 0.649127
0.850058 1.041076 0.624353
0.794807 1.043130 0.600370
1.188289 0.980360 0.748496
1.132176 0.982817 0.724301
1.078053 0.982964 0.699539
1.023128 0.983227 0.675155
0.967202 0.984188 0.650247
0.913340 0.984753 0.625151
0.858235 0.986834 0.601538
0.803988 0.987908 0.577513
