1.166927 1.254454 0.664932
1.114511 1.256018 0.636725
1.061648 1.256527 0.607327
1.008433 1.258133 0.579163
0.957138 1.258734 0.551428
0.904299 1.259656 0.522264
0.851245 1.261800 0.493403
0.799925 1.261561 0.464988
1.178752 1.199358 0.642374
1.125829 1.200140 0.614244
1.073024 1.202353 0.585906
1.020164 1.202074 0.557164
0.968035 1.203495 0.528600
0.914370 1.205288 0.500442
0.861628 1.206266 0.471447
0.809628 1.206844 0.443233
1.189607 1.144078 0.620703
1.136695 1.147201 0.592229
1.083597 1.145756 0.563963
1.030280 1.148209 0.535218
0.979689 1.148165 0.507009
0.925211 1.148797 0.477059
0.873499 1.149380 0.449695
0.820282 1.151900 0.420786
1.200481 1.090205 0.599166
1.146870 1.091958 0.570631
1.093306 1.091801 0.541331
1.042101 1.092647 0.513481
0.988464 1.094430 0.484665
0.936064 1.094932 0.456688
0.883197 1.096008 0.427162
0.830519 1.097379 0.398991
1.211702 1.034684 0.576990
1.156997 1.037068 0.548079
1.105437 1.035668 0.519802
1.053110 1.038415 0.492107
0.998559 1.038005 0.462360
0.946985 1.040646 0.434557
0.894307 1.039975 0.405775
0.841426 1.042149 0.377324
1.221963 0.979464 0.555483
1.167988 0.981903 0.527029
1.116005 0.982322 0.498167
1.062985 0.982563 0.469617
1.009196 0.983189 0.440663
0.957402 0.983819 0.411498
0.904515 0.985768 0.383860
0.852081 0.986837 0.355376
