0.743023 1.257820 0.637191
0.691472 1.258789 0.607072
0.639367 1.259327 0.576245
0.587268 1.260499 0.546259
0.536919 1.260551 0.516858
0.485015 1.261513 0.486072
0.432741 1.263610 0.455734
0.382332 1.263068 0.425686
0.754982 1.201991 0.616090
0.703008 1.202705 0.586541
0.651140 1.204381 0.556573
0.599109 1.204136 0.526196
0.547742 1.204732 0.495848
0.495142 1.206517 0.466089
0.443316 1.207416 0.435571
0.392257 1.207914 0.405751
0.765611 1.146418 0.596539
0.713879 1.148769 0.566050
0.661784 1.147852 0.536312
0.609483 1.149402 0.505181
0.559430 1.149064 0.476170
0.506236 1.149798 0.444317
0.455159 1.150272 0.415800
0.402998 1.152185 0.385144
0.776651 1.091555 0.576310
0.723781 1.093183 0.546753
0.671391 1.092691 0.515221
0.621184 1.093279 0.486306
0.568506 1.094861 0.455249
0.516804 1.095124 0.425699
0.464795 1.095573 0.394743
0.413086 1.096798 0.365371
0.787648 1.035229 0.556810
0.734156 1.037463 0.525502
0.683931 1.035952 0.495674
0.632124 1.038129 0.466155
0.578670 1.037688 0.434870
0.527832 1.039997 0.405442
0.475950 1.039119 0.375499
0.424080 1.041020 0.344836
0.798462 0.979734 0.536365
0.745350 0.981963 0.505704
0.694179 0.981494 0.475806
0.642091 0.981500 0.445715
0.589579 0.982468 0.414324
0.538214 0.982524 0.384604
0.486341 0.984076 0.354985
0.434853 0.985125 0.324301
