1.142448 1.262556 1.015056
1.087884 1.263569 0.990377
1.033266 1.263551 0.964588
0.978157 1.265285 0.940151
0.925310 1.265999 0.915818
0.870196 1.266252 0.890542
0.815791 1.268918 0.865276
0.762263 1.268402 0.840436
1.151788 1.206271 0.993642
1.097116 1.207226 0.969006
1.042493 1.208964 0.944619
0.987800 1.208974 0.919284
0.933544 1.209653 0.894401
0.878373 1.211770 0.869849
0.823485 1.212299 0.844863
0.769969 1.213428 0.820433
1.160398 1.150301 0.973237
1.105506 1.152802 0.948837
1.051111 1.152094 0.923682
0.995566 1.153566 0.898552
0.943193 1.153705 0.874212
0.886649 1.154244 0.848063
0.833245 1.155192 0.824566
0.777912 1.156748 0.799372
1.168772 1.095404 0.953197
1.113714 1.097087 0.928588
1.058095 1.096942 0.902701
1.005043 1.097708 0.878649
0.949513 1.099189 0.853359
0.895282 1.099555 0.829078
0.840361 1.100067 0.803551
0.785966 1.101576 0.779258
1.177645 1.039191 0.932916
1.121028 1.041023 0.907649
1.068077 1.039817 0.882854
1.013720 1.042061 0.858506
0.957244 1.041970 0.832926
0.903613 1.043818 0.808431
0.849528 1.043362 0.783323
0.794436 1.045351 0.758716
1.185684 0.982824 0.912643
1.129992 0.985101 0.887913
1.076036 0.984904 0.862743
1.021242 0.985173 0.838017
0.965645 0.986210 0.812516
0.912013 0.986324 0.786966
0.857133 0.988134 0.763140
0.802807 0.989040 0.738732
