0.819931 1.258634 1.141281
0.765946 1.258877 1.115081
0.711830 1.259179 1.088092
0.657832 1.260881 1.061673
0.605614 1.261369 1.036100
0.551567 1.262091 1.008762
0.497354 1.264135 0.982227
0.444901 1.263759 0.955650
0.830164 1.202374 1.119420
0.775999 1.202683 1.093674
0.721967 1.204628 1.067646
0.668472 1.204649 1.040289
0.614820 1.205294 1.013835
0.560642 1.207529 0.987751
0.506606 1.208349 0.960777
0.453415 1.208771 0.935150
0.839644 1.146726 1.099042
0.785647 1.149184 1.072454
0.732017 1.148624 1.046052
0.677230 1.149927 1.019082
0.625443 1.149964 0.993308
0.569849 1.150295 0.965338
0.517398 1.151251 0.940207
0.462542 1.152803 0.913513
0.849028 1.092080 1.078499
0.794590 1.094021 1.052167
0.739919 1.093421 1.024390
0.687625 1.093974 0.998953
0.633026 1.095564 0.971692
0.579662 1.096274 0.945855
0.525460 1.096506 0.918536
0.471597 1.097826 0.893095
0.858927 1.036090 1.057565
0.803008 1.038047 1.030672
0.751071 1.036980 1.004148
0.697357 1.039058 0.977971
0.641757 1.038932 0.950835
0.588942 1.040841 0.924818
0.535248 1.040389 0.898387
0.481082 1.041880 0.871940
0.867936 0.980150 1.036882
0.812974 0.982827 1.010458
0.759734 0.982041 0.983477
0.705655 0.982754 0.957427
0.650965 0.982970 0.929989
0.598115 0.983795 0.903154
0.543966 0.985055 0.877327
0.490464 0.986075 0.851520
