0.226627 1.260035 1.105507
0.177250 1.260633 1.071688
0.127672 1.261132 1.037068
0.077935 1.262454 1.003433
0.030239 1.263917 0.970645
-0.019605 1.263762 0.935790
-0.069265 1.266131 0.901622
-0.117653 1.265441 0.867651
0.239987 1.203741 1.085268
0.190521 1.205215 1.052068
0.140702 1.206474 1.018365
0.091795 1.207134 0.983959
0.042198 1.206852 0.949867
-0.007534 1.209827 0.916594
-0.057993 1.209709 0.881786
-0.105751 1.211268 0.848988
0.251698 1.147454 1.066868
0.202626 1.150717 1.032597
0.152486 1.149212 0.999147
0.103112 1.151545 0.964320
0.055164 1.151244 0.931647
0.004483 1.151950 0.895657
-0.043612 1.153444 0.863622
-0.094074 1.154533 0.828997
0.264326 1.093306 1.047396
0.213734 1.094525 1.014062
0.163852 1.094547 0.978638
0.115988 1.095393 0.946257
0.065744 1.096917 0.911227
0.016701 1.097517 0.878119
-0.033002 1.097906 0.842880
-0.083062 1.099078 0.810033
0.276622 1.037005 1.028636
0.225621 1.039305 0.993858
0.177460 1.037750 0.960771
0.128412 1.040249 0.927124
0.076625 1.039295 0.892033
0.028940 1.042251 0.858743
-0.020604 1.041487 0.824939
-0.070036 1.043379 0.790429
0.288593 0.981278 1.009311
0.237942 0.983830 0.975924
0.188824 0.982923 0.941505
0.139441 0.983589 0.907914
0.089397 0.984283 0.872480
0.041143 0.985515 0.838835
-0.008711 0.986601 0.804937
-0.057619 0.988229 0.772054
