0.422696 1.267923 1.097788
0.378313 1.267127 1.057636
0.335202 1.267457 1.015314
0.290983 1.269728 0.974322
0.248652 1.270389 0.933736
0.204938 1.271122 0.891772
0.161076 1.273005 0.851022
0.118931 1.273592 0.809747
0.437227 1.210033 1.081280
0.393214 1.210853 1.040345
0.349925 1.212687 0.999394
0.305849 1.212022 0.958398
0.262624 1.213515 0.917209
0.218357 1.215085 0.876178
0.174813 1.216902 0.834127
0.131576 1.216805 0.794136
0.451083 1.153118 1.066026
0.407521 1.156662 1.024080
0.363797 1.155909 0.983047
0.319314 1.157475 0.941361
0.277565 1.156630 0.901737
0.233184 1.158527 0.857692
0.189684 1.158273 0.818997
0.145113 1.161413 0.776321
0.465020 1.098579 1.049369
0.421089 1.100673 1.007997
0.376691 1.100260 0.965549
0.334112 1.100110 0.926592
0.290367 1.103046 0.883473
0.246807 1.103364 0.843227
0.203380 1.104319 0.800854
0.158864 1.104346 0.761250
0.479400 1.041032 1.033951
0.434339 1.044536 0.991069
0.392026 1.043129 0.950521
0.348092 1.044858 0.910455
0.303010 1.044201 0.867880
0.260860 1.047678 0.826647
0.216932 1.046227 0.786311
0.173825 1.049223 0.744320
0.493117 0.985602 1.016951
0.447659 0.988009 0.975137
0.405299 0.987588 0.934997
0.361333 0.987563 0.894029
0.317568 0.989157 0.851014
0.274294 0.988687 0.810347
0.230853 0.991725 0.769013
0.186816 0.991616 0.728908
