0.442464 1.265518 0.633420
0.400034 1.267237 0.591839
0.357326 1.267069 0.548775
0.314140 1.268891 0.506963
0.272577 1.269123 0.466283
0.230060 1.269992 0.423422
0.186901 1.271867 0.381181
0.145409 1.271589 0.339812
0.457980 1.209083 0.617444
0.414646 1.209069 0.575963
0.371957 1.212018 0.533987
0.329490 1.211427 0.491144
0.286557 1.212032 0.449792
0.243391 1.214330 0.407746
0.200811 1.215345 0.365452
0.158309 1.215456 0.324008
0.472244 1.152347 0.602390
0.429518 1.155569 0.559692
0.386608 1.154129 0.518296
0.343130 1.155782 0.475360
0.302180 1.155883 0.434458
0.258464 1.156906 0.390642
0.216274 1.157146 0.350029
0.172511 1.159098 0.307889
0.486324 1.097581 0.586601
0.443221 1.099444 0.544517
0.399648 1.098452 0.501674
0.357907 1.098586 0.460826
0.314929 1.101417 0.417868
0.272365 1.101536 0.376187
0.229609 1.102274 0.333284
0.186387 1.103461 0.292166
0.501015 1.040158 0.571577
0.456613 1.043095 0.528146
0.415481 1.041658 0.486539
0.372505 1.043836 0.445227
0.328389 1.043374 0.401839
0.286384 1.045666 0.360666
0.243599 1.044775 0.318735
0.200959 1.047088 0.276774
0.514812 0.984453 0.555569
0.470878 0.986858 0.513494
0.428940 0.986552 0.471294
0.385749 0.986131 0.429617
0.342528 0.987464 0.386564
0.300517 0.987668 0.344148
0.257492 0.989632 0.302951
0.214870 0.990253 0.261207
