0.998990 1.269399 1.165488
0.943377 1.270133 1.143704
0.887552 1.270975 1.120595
0.831265 1.272219 1.099030
0.777368 1.273208 1.077179
0.721069 1.273785 1.054430
0.665367 1.276096 1.031967
0.611004 1.275864 1.009406
1.006912 1.213095 1.144620
0.950984 1.213737 1.122526
0.893552 1.215562 1.100548
0.839428 1.215366 1.078397
0.783925 1.216187 1.056412
0.727921 1.218395 1.034055
0.671926 1.219368 1.011543
0.616956 1.220069 0.989950
1.013847 1.156362 1.124888
0.957930 1.158766 1.102586
0.902270 1.158486 1.080513
0.845474 1.159932 1.058315
0.792031 1.160030 1.036275
0.734354 1.160688 1.012980
0.679904 1.161473 0.991792
0.623535 1.163766 0.969182
1.020826 1.100906 1.105177
0.964872 1.103137 1.082553
0.907700 1.102705 1.059907
0.853763 1.103404 1.038331
0.797031 1.104998 1.015868
0.741897 1.105946 0.993748
0.685422 1.106243 0.970981
0.630061 1.108018 0.949290
1.028306 1.044108 1.084930
0.970568 1.046405 1.062327
0.916540 1.045425 1.039896
0.860785 1.047621 1.018416
0.803354 1.047603 0.995350
0.748516 1.049641 0.973679
0.693124 1.049409 0.951373
0.636997 1.051313 0.929293
1.034947 0.987825 1.064963
0.978071 0.990936 1.042717
0.922826 0.990167 1.020229
0.866921 0.990769 0.998148
0.810067 0.991206 0.975499
0.755343 0.992297 0.952424
0.699259 0.993661 0.931266
0.644603 0.995975 0.909604
