-0.050108 1.268327 1.154129
-0.098577 1.269961 1.119698
-0.147385 1.270848 1.084099
-0.196892 1.272311 1.049818
-0.244104 1.273304 1.015970
-0.293392 1.274163 0.980619
-0.341967 1.277174 0.945632
-0.389758 1.276763 0.911215
-0.037529 1.211875 1.135647
-0.086621 1.213153 1.101186
-0.135718 1.215329 1.067220
-0.184018 1.215679 1.031255
-0.233056 1.216616 0.997350
-0.282321 1.219104 0.962639
-0.331638 1.219933 0.927637
-0.379372 1.221225 0.893490
-0.026162 1.155857 1.118059
-0.075227 1.158574 1.083318
-0.124020 1.158200 1.048717
-0.173338 1.160444 1.012962
-0.220592 1.160347 0.979612
-0.271064 1.161252 0.943100
-0.318752 1.162544 0.909839
-0.368657 1.164555 0.875052
-0.015048 1.100383 1.100433
-0.064050 1.102790 1.065809
-0.113951 1.102537 1.029819
-0.161132 1.103796 0.995972
-0.211303 1.105288 0.960997
-0.259357 1.106564 0.926491
-0.308877 1.107066 0.891101
-0.357628 1.109118 0.857216
-0.003309 1.043588 1.082633
-0.054105 1.045919 1.047230
-0.101055 1.045287 1.012674
-0.150115 1.047615 0.978584
-0.200441 1.047948 0.942631
-0.248523 1.050234 0.908928
-0.297241 1.050161 0.874292
-0.346479 1.051945 0.839775
0.007708 0.987515 1.064619
-0.042438 0.989959 1.030287
-0.090600 0.990080 0.995257
-0.139712 0.990819 0.960562
-0.189463 0.991516 0.925168
-0.237090 0.992859 0.889904
-0.286775 0.994146 0.856523
-0.334895 0.996204 0.821383
