0.129034 1.265965 0.679146
0.086629 1.267673 0.637244
0.044107 1.268305 0.594384
0.000870 1.270038 0.552554
-0.040717 1.270578 0.511748
-0.083436 1.271659 0.469118
-0.126266 1.273858 0.426733
-0.167846 1.273921 0.385290
0.144990 1.210071 0.662465
0.101705 1.210718 0.620666
0.058617 1.212950 0.579363
0.016015 1.212831 0.536485
-0.026259 1.214148 0.494841
-0.069687 1.216138 0.452905
-0.112532 1.217301 0.410702
-0.154471 1.218204 0.369234
0.158751 1.153645 0.646983
0.116051 1.156364 0.604849
0.073067 1.155667 0.562943
0.030367 1.158144 0.519906
-0.010953 1.157882 0.479300
-0.054941 1.158823 0.435639
-0.096894 1.159572 0.394982
-0.140429 1.161716 0.352745
0.173319 1.098627 0.630992
0.130159 1.100625 0.588953
0.086603 1.100440 0.545770
0.045268 1.101270 0.504970
0.001728 1.103174 0.462489
-0.041227 1.103400 0.420938
-0.083566 1.104720 0.378007
-0.127445 1.105136 0.337153
0.187293 1.041470 0.615530
0.143548 1.044309 0.572242
0.102420 1.043316 0.530708
0.059436 1.045595 0.489561
0.015315 1.045556 0.445938
-0.026598 1.047949 0.404870
-0.069482 1.047468 0.362958
-0.112290 1.049666 0.321017
0.201832 0.985715 0.599286
0.157257 0.987759 0.557478
0.115726 0.987971 0.515107
0.072597 0.988454 0.473152
0.029445 0.989572 0.430334
-0.012503 0.990116 0.387969
-0.055721 0.992008 0.346850
-0.098199 0.993168 0.305067
