1.211069 1.269105 1.246508
1.154344 1.270193 1.227878
1.097330 1.271457 1.208048
1.039935 1.272417 1.189768
0.984775 1.272937 1.171149
0.927425 1.273325 1.151482
0.870244 1.275203 1.132490
0.814346 1.275100 1.113918
1.217660 1.212788 1.225462
1.160534 1.213234 1.206548
1.103699 1.215203 1.188521
1.046710 1.214928 1.168632
0.989855 1.215655 1.150406
0.932820 1.218036 1.131393
0.875301 1.218664 1.112395
0.819671 1.219207 1.093544
1.223554 1.156370 1.204962
1.166478 1.158386 1.186360
1.109616 1.158353 1.167435
1.051681 1.159627 1.148360
0.995803 1.159533 1.129904
0.938190 1.160131 1.109453
0.882432 1.161089 1.091846
0.824655 1.162770 1.072982
1.229327 1.100626 1.185194
1.171971 1.102755 1.166344
1.113794 1.102020 1.147174
1.058588 1.102780 1.128601
1.000525 1.104313 1.109618
0.944352 1.105159 1.090518
0.886608 1.105287 1.071320
0.830178 1.107182 1.052732
1.235575 1.043898 1.164721
1.176522 1.045753 1.146100
1.121346 1.044776 1.126763
1.064370 1.045873 1.108743
1.003761 1.045861 1.088774
0.949847 1.048927 1.070403
0.893169 1.048620 1.051416
0.835899 1.050392 1.032556
1.240559 0.987532 1.144614
1.182966 0.990011 1.126085
1.126467 0.989268 1.107269
1.069318 0.990143 1.088285
1.011453 0.990531 1.068749
0.955337 0.991255 1.048964
0.898147 0.992609 1.031171
0.842016 0.994817 1.012471
