0.766950 1.267671 1.067724
0.717190 1.267726 1.034117
0.667644 1.268093 0.999308
0.617830 1.269052 0.965572
0.569850 1.270270 0.932630
0.520256 1.271245 0.897618
0.470642 1.273432 0.863649
0.422669 1.273405 0.829644
0.778908 1.209985 1.048909
0.729108 1.211204 1.015451
0.674919 1.213073 0.981966
0.630461 1.212961 0.946974
0.581167 1.214017 0.913395
0.530994 1.215736 0.879711
0.481459 1.217038 0.845351
0.432814 1.217430 0.812014
0.790044 1.153826 1.031417
0.740432 1.156483 0.997379
0.691270 1.156025 0.963287
0.640781 1.157970 0.928619
0.593594 1.157600 0.893560
0.542537 1.158404 0.859961
0.493818 1.159086 0.827664
0.443983 1.161323 0.793149
0.800991 1.098363 1.013699
0.751228 1.100556 0.979709
0.700940 1.100186 0.944988
0.653029 1.100830 0.911542
0.602853 1.102803 0.876803
0.553675 1.102653 0.844021
0.504025 1.103998 0.808537
0.454242 1.105162 0.775754
0.812580 1.041611 0.995862
0.761277 1.043678 0.961287
0.713564 1.042647 0.927460
0.663952 1.044947 0.894094
0.613023 1.044808 0.858946
0.564762 1.047270 0.825406
0.515210 1.045900 0.792231
0.465983 1.049145 0.756425
0.823549 0.985148 0.977874
0.772882 0.987616 0.944070
0.723864 0.986858 0.910514
0.674313 0.987976 0.875961
0.624419 0.989095 0.839442
0.575528 0.988689 0.807270
0.525698 0.990808 0.773738
0.476451 0.991370 0.740431
