1.148549 1.271027 0.716749
1.095345 1.272215 0.690134
1.041648 1.272352 0.662303
0.987436 1.273496 0.635485
0.935469 1.273766 0.609214
0.881723 1.274419 0.581352
0.827582 1.275918 0.554304
0.775655 1.275824 0.527535
1.158784 1.214622 0.696610
1.104900 1.215147 0.669913
1.051315 1.217029 0.643284
0.997457 1.216094 0.615492
0.944343 1.217214 0.588949
0.889997 1.218720 0.562075
0.836379 1.219492 0.534842
0.783758 1.220014 0.507891
1.167784 1.158656 0.677030
1.113981 1.160743 0.650242
1.060237 1.159410 0.623427
1.006133 1.161422 0.595702
0.954324 1.160822 0.569608
0.899351 1.161390 0.540987
0.846690 1.161706 0.515313
0.792708 1.163899 0.487936
1.176862 1.103460 0.657443
1.122502 1.104882 0.630828
1.068003 1.104194 0.602923
1.015914 1.104614 0.576658
0.961601 1.106306 0.549315
0.908479 1.106408 0.522436
0.854366 1.106675 0.495183
0.801115 1.108020 0.468522
1.186168 1.046474 0.638068
1.130877 1.048813 0.610491
1.078601 1.047106 0.583714
1.025368 1.049270 0.557420
0.969840 1.048663 0.529339
0.917474 1.051026 0.502866
0.863898 1.050028 0.475876
0.810505 1.051855 0.449220
1.195101 0.990462 0.618701
1.140204 0.992624 0.591707
1.087286 0.992172 0.564708
1.033507 0.992544 0.537453
0.978973 0.992732 0.510278
0.926270 0.993189 0.482261
0.872530 0.994613 0.456645
0.819446 0.995581 0.429078
