-0.477996 1.211830 -0.069582
-0.466655 1.212489 -0.011159
-0.456221 1.212363 0.048209
-0.442952 1.212214 0.106532
-0.428524 1.211251 0.162156
-0.416417 1.210844 0.221638
-0.403389 1.211725 0.280341
-0.387700 1.209197 0.337100
-0.499541 1.155571 -0.065674
-0.487994 1.155386 -0.006819
-0.476623 1.157163 0.051534
-0.462776 1.155047 0.111065
-0.450244 1.155083 0.165370
-0.435421 1.155054 0.226261
-0.423305 1.155179 0.284913
-0.408249 1.153893 0.341286
-0.520013 1.099599 -0.061256
-0.508462 1.101555 -0.002470
-0.497231 1.099830 0.055913
-0.482064 1.099747 0.115445
-0.469909 1.098168 0.170672
-0.455644 1.097240 0.230920
-0.444202 1.097200 0.287792
-0.429000 1.097448 0.345854
-0.540843 1.044758 -0.056742
-0.528417 1.045617 0.001966
-0.516614 1.044106 0.061445
-0.501922 1.042909 0.118654
-0.489045 1.043375 0.176757
-0.475029 1.041929 0.234137
-0.463376 1.041812 0.293261
-0.449329 1.041884 0.350318
-0.562477 0.988349 -0.052483
-0.548950 0.989486 0.007419
-0.537154 0.987045 0.064150
-0.521552 0.987002 0.122386
-0.509312 0.985634 0.181831
-0.495152 0.986326 0.238445
-0.482856 0.984581 0.296646
-0.469839 0.985300 0.354238
-0.583910 0.933029 -0.047717
-0.569280 0.933523 0.010905
-0.557095 0.931869 0.068686
-0.541170 0.930196 0.127141
-0.529439 0.929901 0.185893
-0.516522 0.928675 0.243660
-0.502393 0.929250 0.301415
-0.490562 0.929178 0.359217
