0.569283 1.212831 -0.626838
0.589511 1.213755 -0.571079
0.608890 1.213785 -0.513787
0.630863 1.213737 -0.458536
0.652300 1.213578 -0.404431
0.673196 1.213167 -0.347660
0.694748 1.214361 -0.291348
0.719028 1.211717 -0.237532
0.548074 1.157016 -0.619589
0.569029 1.156738 -0.563321
0.589248 1.158678 -0.507372
0.611271 1.156871 -0.450510
0.631459 1.157143 -0.398082
0.654849 1.157443 -0.340099
0.675642 1.157775 -0.283620
0.698971 1.156659 -0.230040
0.528858 1.100777 -0.612223
0.549087 1.102941 -0.555772
0.569248 1.101661 -0.499715
0.592671 1.101742 -0.442931
0.612809 1.100495 -0.389880
0.635541 1.099747 -0.332303
0.655660 1.099628 -0.277679
0.679048 1.100126 -0.222376
0.509383 1.045629 -0.604719
0.530381 1.046843 -0.548422
0.550729 1.045894 -0.491100
0.573520 1.044871 -0.436481
0.594721 1.045693 -0.380759
0.616836 1.044531 -0.325820
0.637235 1.044501 -0.269166
0.659672 1.044710 -0.215081
0.488910 0.989136 -0.597267
0.510814 0.990713 -0.539796
0.530660 0.988618 -0.485151
0.554658 0.989016 -0.429685
0.575235 0.987906 -0.372654
0.597865 0.988682 -0.318663
0.618436 0.987283 -0.262812
0.640125 0.988000 -0.207811
0.469177 0.933540 -0.589542
0.491257 0.934771 -0.533246
0.511163 0.933866 -0.477383
0.535786 0.932087 -0.421839
0.556187 0.932056 -0.365435
0.577415 0.931134 -0.310168
0.599965 0.931847 -0.255127
0.620672 0.931790 -0.199841
