-0.031508 1.213806 1.879515
-0.052792 1.213897 1.934712
-0.076443 1.213927 1.990296
-0.097150 1.213808 2.046158
-0.117258 1.213628 2.100960
-0.139741 1.213380 2.157383
-0.161120 1.214403 2.213436
-0.178578 1.211626 2.269496
-0.050915 1.157024 1.870690
-0.072924 1.156319 1.926252
-0.096036 1.158927 1.982167
-0.117545 1.157222 2.039072
-0.136455 1.156964 2.091479
-0.157758 1.157398 2.150464
-0.179810 1.157493 2.206370
-0.199044 1.156729 2.261877
-0.071276 1.101614 1.863546
-0.093851 1.103557 1.919245
-0.116162 1.102016 1.974268
-0.136247 1.102002 2.032290
-0.156164 1.100260 2.085200
-0.177887 1.099835 2.143398
-0.198957 1.099550 2.197165
-0.218164 1.099739 2.254178
-0.091118 1.046479 1.855911
-0.113063 1.047547 1.911976
-0.135648 1.046324 1.968421
-0.154947 1.045253 2.024260
-0.176160 1.045720 2.080003
-0.195413 1.044253 2.135506
-0.218082 1.044126 2.191453
-0.237706 1.044418 2.246727
-0.111551 0.990159 1.847695
-0.133008 0.991172 1.905380
-0.154547 0.989093 1.959381
-0.172829 0.988979 2.016347
-0.196020 0.988085 2.072994
-0.214619 0.988559 2.128084
-0.236191 0.987003 2.183519
-0.256993 0.987676 2.238897
-0.132012 0.934793 1.840369
-0.152174 0.935406 1.897138
-0.173859 0.934200 1.952318
-0.191965 0.932085 2.009736
-0.214967 0.932137 2.065528
-0.236003 0.931470 2.120783
-0.255701 0.931717 2.176921
-0.276983 0.931638 2.231719
