0.152762 1.212815 0.051931
0.164556 1.213475 0.110436
0.175039 1.213243 0.169719
0.188335 1.213128 0.227824
0.201631 1.212647 0.284469
0.213740 1.212211 0.343724
0.226427 1.213152 0.402659
0.241767 1.210608 0.459514
0.130922 1.156799 0.056031
0.143080 1.156417 0.114787
0.154776 1.158014 0.173171
0.167927 1.156150 0.232468
0.180096 1.156365 0.287474
0.194561 1.156435 0.348395
0.206562 1.156471 0.407188
0.221380 1.155395 0.463665
0.110922 1.100440 0.060243
0.122693 1.102400 0.118967
0.134029 1.100862 0.177521
0.148639 1.100688 0.237145
0.160300 1.099484 0.292667
0.174304 1.098502 0.352945
0.185681 1.098691 0.410054
0.200684 1.098860 0.468052
0.090486 1.045367 0.064571
0.102838 1.046225 0.123497
0.114474 1.045116 0.183185
0.128729 1.044075 0.240538
0.141249 1.044524 0.298776
0.154801 1.043397 0.356429
0.166643 1.043167 0.415378
0.180477 1.043241 0.472372
0.069111 0.988943 0.068773
0.082518 0.990114 0.128777
0.093932 0.987816 0.185817
0.109199 0.987934 0.244270
0.121056 0.986909 0.303802
0.135024 0.987573 0.360556
0.147306 0.985953 0.418739
0.160090 0.986672 0.476399
0.048311 0.933251 0.073652
0.062121 0.934134 0.132380
0.073810 0.932779 0.190456
0.089586 0.931312 0.249068
0.100918 0.931059 0.307962
0.113739 0.930001 0.365651
0.127764 0.930444 0.423425
0.139765 0.930361 0.481297
