-0.882962 1.259923 1.188292
-0.824281 1.264385 1.192254
-0.764038 1.265175 1.196731
-0.704045 1.269988 1.200630
-0.646164 1.273286 1.204509
-0.585921 1.275783 1.207720
-0.525879 1.279674 1.212268
-0.465361 1.280585 1.216264
-0.879435 1.203479 1.170433
-0.820704 1.206922 1.173361
-0.760576 1.210392 1.177775
-0.700480 1.212578 1.181641
-0.640824 1.215701 1.184942
-0.581049 1.219978 1.189604
-0.520578 1.220260 1.193060
-0.461055 1.224292 1.196398
-0.876016 1.146031 1.151657
-0.815117 1.148476 1.154595
-0.756873 1.151616 1.157863
-0.695094 1.155429 1.162445
-0.636860 1.157992 1.166814
-0.576131 1.160478 1.170656
-0.516698 1.165552 1.174620
-0.456720 1.167668 1.178090
-0.872084 1.089580 1.133464
-0.812760 1.092178 1.136499
-0.752069 1.095942 1.140173
-0.692335 1.098001 1.144574
-0.631426 1.100329 1.148368
-0.573745 1.104160 1.152247
-0.512364 1.108122 1.156347
-0.452093 1.110405 1.160204
-0.867747 1.031991 1.115187
-0.807579 1.034334 1.118773
-0.748307 1.038766 1.122465
-0.688806 1.039216 1.126356
-0.627165 1.043893 1.130097
-0.567435 1.045427 1.133593
-0.509688 1.050902 1.138151
-0.447298 1.052428 1.141714
-0.863552 0.974957 1.096731
-0.803896 0.977012 1.100699
-0.744412 0.980517 1.103237
-0.685108 0.982832 1.108290
-0.623837 0.985504 1.112441
-0.564057 0.989419 1.116010
-0.504529 0.993602 1.120257
-0.443686 0.995548 1.123581
