-0.6143 1.1126 0.0130
-0.6919 1.1153 -0.0019
-0.7714 1.1173 -0.0185
-0.8491 1.1211 -0.0327
-0.9283 1.1238 -0.0481
-1.0053 1.1264 -0.0637

-0.6062 1.0553 -0.0425
-0.6850 1.0588 -0.0572
-0.7625 1.0610 -0.0725
-0.8409 1.0623 -0.0895
-0.9185 1.0660 -0.1039
-0.9953 1.0677 -0.1202

-0.5957 0.9980 -0.0977
-0.6753 0.9998 -0.1138
-0.7543 1.0028 -0.1288
-0.8302 1.0033 -0.1457
-0.9120 1.0086 -0.1595
-0.9878 1.0106 -0.1760

-0.5884 0.9408 -0.1529
-0.6654 0.9434 -0.1676
-0.7453 0.9456 -0.1838
-0.8229 0.9485 -0.1987
-0.9006 0.9507 -0.2145
-0.9789 0.9537 -0.2293