-0.9614 1.1968 1.3092
-1.0352 1.1982 1.2926
-1.1123 1.2007 1.2558
-1.1965 1.2011 1.2299
-1.2622 1.2035 1.2028
-1.3364 1.2050 1.1764

-0.9447 1.1359 1.2597
-1.0196 1.1396 1.2348
-1.0939 1.1382 1.2072
-1.1687 1.1405 1.1810
-1.2444 1.1419 1.1536
-1.3225 1.1438 1.1265

-0.9309 1.0746 1.2111
-1.0034 1.0772 1.1855
-1.0798 1.0778 1.1582
-1.1541 1.0783 1.1314
-1.2303 1.0805 1.1045
-1.3050 1.0820 1.0774

-0.9152 1.0150 1.1625
-0.9876 1.0156 1.1374
-1.0641 1.0162 1.1095
-1.1398 1.0174 1.0820
-1.2148 1.0195 1.0559
-1.2886 1.0209 1.0300
