1.4396 1.1837 1.1339
1.3685 1.1829 1.1691
1.2938 1.1824 1.2009
1.2212 1.1841 1.2330
1.1164 1.1888 1.2440
1.0781 1.1884 1.3004

1.4198 1.1213 1.0842
1.3474 1.1223 1.1157
1.2715 1.1252 1.1530
1.1989 1.1258 1.1863
1.1274 1.1288 1.2196
1.0541 1.1295 1.2530

1.3947 1.0623 1.0361
1.3204 1.0626 1.0696
1.2495 1.0646 1.1039
1.1744 1.0647 1.1369
1.1042 1.0675 1.1703
1.0315 1.0692 1.2039

1.3683 1.0035 0.9909
1.2979 1.0024 1.0218
1.2267 1.0047 1.0554
1.1532 1.0061 1.0898
1.0794 1.0069 1.1226
1.0082 1.0086 1.1560