0.5939 1.1110 -0.0149
0.5146 1.1146 -0.0048
0.4358 1.1170 0.0042
0.3573 1.1197 0.0130
0.2789 1.1207 0.0209
0.1974 1.1234 0.0300

0.5850 1.0537 -0.0693
0.5049 1.0565 -0.0595
0.4236 1.0573 -0.0513
0.3469 1.0610 -0.0414
0.2676 1.0634 -0.0327
0.1888 1.0668 -0.0232

0.5774 0.9960 -0.1239
0.4971 0.9974 -0.1152
0.4186 1.0005 -0.1058
0.3384 1.0020 -0.0973
0.2622 1.0069 -0.0865
0.1788 1.0088 -0.0781

0.5688 0.9386 -0.1784
0.4899 0.9397 -0.1701
0.4098 0.9434 -0.1599
0.3304 0.9456 -0.1512
0.2525 0.9499 -0.1403
0.1724 0.9512 -0.1326