1.2793 1.1805 0.4747
1.2072 1.1820 0.5149
1.1406 1.1844 0.5549
1.0718 1.1850 0.5933
1.0022 1.1862 0.6331
0.9314 1.2099 0.6678

1.2500 1.1204 0.4288
1.1833 1.1223 0.4683
1.1142 1.1242 0.5088
1.0444 1.1246 0.5479
0.9761 1.1271 0.5879
0.9077 1.1282 0.6271

1.2239 1.0609 0.3839
1.1536 1.0618 0.4238
1.0850 1.0632 0.4642
1.0162 1.0647 0.5036
0.9464 1.0655 0.5433
0.8797 1.0683 0.5827

1.1954 1.0005 0.3393
1.1263 1.0014 0.3792
1.0586 1.0038 0.4190
0.9902 1.0046 0.4584
0.9199 1.0060 0.4985
0.8502 1.0075 0.5388
