0.8687 1.1719 0.8075
0.7913 1.1751 0.8291
0.7134 1.1762 0.8487
0.6363 1.1783 0.8687
0.5596 1.1810 0.8898
0.4811 1.1809 0.9078

0.8532 1.1149 0.7556
0.7769 1.1167 0.7762
0.6980 1.1186 0.7971
0.6208 1.1200 0.8168
0.5448 1.1209 0.8359
0.4666 1.1236 0.8568

0.8385 1.0566 0.7047
0.7599 1.0565 0.7238
0.6845 1.0579 0.7437
0.6069 1.0603 0.7641
0.5292 1.0621 0.7842
0.4523 1.0633 0.8037

0.8235 0.9966 0.6509
0.7457 0.9989 0.6723
0.6686 0.9998 0.6915
0.5910 1.0020 0.7127
0.5150 1.0029 1.7316
0.4382 1.0042 0.7517
