0.189274 1.200982 -0.699403
0.246012 1.201006 -0.680694
0.302847 1.200550 -0.660366
0.359961 1.199789 -0.643404
0.415875 1.198626 -0.627321
0.473569 1.197323 -0.609346
0.531143 1.197763 -0.591659
0.587960 1.194298 -0.576599
0.180011 1.146774 -0.674316
0.237387 1.146055 -0.655705
0.293779 1.147288 -0.636895
0.352076 1.144628 -0.619529
0.405905 1.144136 -0.603074
0.466149 1.143514 -0.586008
0.523179 1.143157 -0.567359
0.579654 1.141281 -0.552313
0.172233 1.092372 -0.650580
0.229198 1.093694 -0.632118
0.285586 1.091862 -0.612814
0.344641 1.091221 -0.596169
0.398642 1.089429 -0.578799
0.458223 1.087688 -0.561635
0.513459 1.087076 -0.543549
0.571369 1.086553 -0.527771
0.164091 1.039095 -0.626648
0.221441 1.039495 -0.608680
0.279073 1.037949 -0.589090
0.335867 1.036285 -0.573081
0.392677 1.036419 -0.555022
0.449632 1.034285 -0.538823
0.506818 1.033522 -0.519889
0.563470 1.032847 -0.504061
0.155443 0.984458 -0.602106
0.214262 0.985052 -0.584297
0.269393 0.982682 -0.565549
0.327781 0.982121 -0.550049
0.385298 0.980716 -0.530675
0.441601 0.980538 -0.514981
0.498196 0.978289 -0.497060
0.555124 0.978099 -0.480287
0.147491 0.930561 -0.577763
0.205438 0.931054 -0.560620
0.261694 0.929611 -0.541621
0.320335 0.927049 -0.526436
0.377027 0.926658 -0.506816
0.433618 0.924873 -0.489807
0.490933 0.924350 -0.473855
0.547085 0.923849 -0.456114
