-1.295516 1.204304 1.782361
-1.245522 1.204613 1.750839
-1.192912 1.205216 1.721662
-1.142698 1.205097 1.689104
-1.094590 1.204401 1.656761
-1.043097 1.203998 1.624831
-0.992472 1.205026 1.592476
-0.943856 1.202651 1.559142
-1.281489 1.150524 1.805970
-1.230794 1.150169 1.774294
-1.179670 1.152452 1.744032
-1.128472 1.150490 1.711050
-1.081317 1.150476 1.680707
-1.029123 1.150567 1.645894
-0.978225 1.150922 1.614480
-0.929771 1.149417 1.581088
-1.267608 1.096637 1.828145
-1.216876 1.098492 1.796516
-1.165604 1.097376 1.766424
-1.114462 1.097432 1.732223
-1.066262 1.096184 1.702403
-1.014553 1.095328 1.668321
-0.965075 1.095412 1.637962
-0.915318 1.095455 1.603792
-1.253747 1.043657 1.850251
-1.202967 1.044666 1.818166
-1.150858 1.043747 1.787078
-1.101534 1.042870 1.754468
-1.051059 1.043735 1.722957
-1.001786 1.042325 1.690069
-0.950236 1.042375 1.658751
-0.901367 1.042268 1.626112
-1.239724 0.989419 1.873180
-1.187843 0.990824 1.840048
-1.138130 0.989009 1.810230
-1.088274 0.989250 1.776290
-1.036115 0.988507 1.745036
-0.987737 0.988972 1.712128
-0.937091 0.987555 1.680835
-0.887508 0.988086 1.648608
-1.225493 0.935972 1.895392
-1.174668 0.937113 1.862390
-1.123930 0.936287 1.831936
-1.073976 0.934700 1.797702
-1.022142 0.935134 1.767262
-0.972597 0.933666 1.734983
-0.923214 0.934153 1.701937
-0.873173 0.934659 1.670951
