-1.444034 1.203171 0.276323
-1.386110 1.203441 0.263567
-1.325736 1.203339 0.253705
-1.267855 1.202378 0.238924
-1.211486 1.201781 0.224728
-1.151061 1.200753 0.212041
-1.092694 1.200242 0.196703
-1.036456 1.198534 0.183975
-1.436294 1.149739 0.304690
-1.380153 1.147991 0.289539
-1.321003 1.150321 0.278509
-1.262278 1.147307 0.263642
-1.207794 1.147114 0.250815
-1.146972 1.146481 0.234448
-1.086985 1.146110 0.222370
-1.030564 1.144752 0.208484
-1.434210 1.094805 0.327469
-1.375648 1.096093 0.314326
-1.314162 1.095030 0.304786
-1.256751 1.094098 0.287410
-1.202180 1.092400 0.275171
-1.141539 1.090517 0.259468
-1.083145 1.090303 0.248188
-1.025138 1.090345 0.233369
-1.429653 1.041168 0.351923
-1.369807 1.041571 0.338515
-1.309666 1.040670 0.327015
-1.250553 1.039368 0.313499
-1.195426 1.039288 0.298712
-1.137949 1.037415 0.283575
-1.078034 1.036751 0.270693
-1.020394 1.036170 0.257741
-1.424449 0.986353 0.377497
-1.363469 0.987422 0.363359
-1.306350 0.985142 0.351809
-1.248776 0.984989 0.335820
-1.189286 0.983480 0.323262
-1.132004 0.983197 0.307960
-1.072666 0.981189 0.296426
-1.015515 0.981479 0.282702
-1.419151 0.932475 0.402339
-1.359844 0.933518 0.388294
-1.300887 0.931935 0.376154
-1.242426 0.929598 0.359907
-1.184353 0.929258 0.347581
-1.124568 0.927750 0.335267
-1.066933 0.926836 0.319668
-1.012205 0.926684 0.305328
