-0.744312 1.202488 0.188802
-0.685925 1.202192 0.179221
-0.624160 1.202052 0.173374
-0.565043 1.201288 0.162760
-0.508993 1.199921 0.150209
-0.449146 1.198830 0.140519
-0.389959 1.199245 0.130230
-0.332100 1.195725 0.117766
-0.739331 1.148020 0.216199
-0.680244 1.147063 0.206297
-0.621626 1.148588 0.197995
-0.561537 1.146034 0.186846
-0.506523 1.145364 0.176909
-0.444940 1.144775 0.164548
-0.385958 1.144377 0.154999
-0.328785 1.142762 0.142894
-0.735866 1.093716 0.240913
-0.676897 1.094867 0.231219
-0.617974 1.093141 0.223115
-0.557519 1.092372 0.210892
-0.501772 1.090384 0.201184
-0.440961 1.088727 0.189666
-0.383515 1.088269 0.180381
-0.324924 1.087759 0.168022
-0.732308 1.040367 0.265578
-0.673025 1.040471 0.254990
-0.612963 1.038902 0.246682
-0.555000 1.037135 0.234933
-0.496292 1.037406 0.225051
-0.438252 1.035243 0.213497
-0.378631 1.034557 0.204342
-0.321208 1.033937 0.192797
-0.729032 0.985362 0.290871
-0.668428 0.985985 0.279901
-0.610974 0.983428 0.271527
-0.551949 0.982993 0.259145
-0.491726 0.981280 0.249632
-0.434645 0.981213 0.237957
-0.375847 0.979077 0.228340
-0.317922 0.979290 0.217756
-0.725087 0.931021 0.315434
-0.665699 0.931655 0.304608
-0.607020 0.930056 0.295720
-0.547696 0.927542 0.283048
-0.488261 0.927286 0.274410
-0.430134 0.925575 0.263892
-0.371896 0.925170 0.252140
-0.313744 0.924787 0.242763
