-0.693441 1.202085 -0.668516
-0.633884 1.202333 -0.669796
-0.573750 1.202063 -0.669463
-0.514088 1.201168 -0.672973
-0.456166 1.200188 -0.676573
-0.395874 1.198935 -0.678922
-0.335801 1.199306 -0.681532
-0.277045 1.195909 -0.686381
-0.693536 1.148080 -0.641922
-0.633722 1.147300 -0.643525
-0.574135 1.148737 -0.644519
-0.513335 1.146194 -0.647666
-0.457248 1.145756 -0.650295
-0.394905 1.145106 -0.654478
-0.334943 1.144541 -0.656246
-0.276613 1.142781 -0.660899
-0.692984 1.093859 -0.616696
-0.633216 1.095184 -0.618481
-0.573878 1.093320 -0.619085
-0.512512 1.092763 -0.623337
-0.455779 1.091025 -0.625099
-0.394157 1.089068 -0.628874
-0.335968 1.088562 -0.630306
-0.276247 1.088123 -0.635150
-0.692859 1.040623 -0.591656
-0.632615 1.041059 -0.593904
-0.571832 1.039409 -0.594659
-0.512911 1.037793 -0.598520
-0.453376 1.038091 -0.600744
-0.394313 1.035852 -0.604468
-0.334247 1.035058 -0.606025
-0.275783 1.034540 -0.609975
-0.692520 0.985870 -0.565565
-0.631029 0.986546 -0.568332
-0.573021 0.984179 -0.569262
-0.512837 0.983754 -0.574288
-0.452276 0.981991 -0.575202
-0.393854 0.981881 -0.579534
-0.334530 0.979884 -0.581478
-0.275634 0.979699 -0.584847
-0.691933 0.932132 -0.540151
-0.631372 0.932391 -0.543189
-0.572297 0.931003 -0.544517
-0.511950 0.928242 -0.549374
-0.451922 0.927944 -0.550022
-0.392947 0.926207 -0.553041
-0.333685 0.925902 -0.557267
-0.274884 0.925295 -0.559547
