-1.241451 1.202021 -0.493789
-1.183637 1.202334 -0.504739
-1.123676 1.202289 -0.512769
-1.065250 1.201102 -0.525059
-1.008212 1.200118 -0.536946
-0.948514 1.198648 -0.548043
-0.889502 1.199170 -0.559867
-0.832345 1.195677 -0.573520
-1.238167 1.148007 -0.467422
-1.179009 1.146925 -0.478274
-1.120363 1.148592 -0.487910
-1.060904 1.146140 -0.499857
-1.005689 1.145842 -0.510851
-0.944184 1.145027 -0.524128
-0.885248 1.144572 -0.535117
-0.827986 1.142545 -0.548082
-1.233811 1.093594 -0.442475
-1.175095 1.095112 -0.453451
-1.116201 1.093196 -0.462780
-1.056183 1.092704 -0.476057
-1.000395 1.090933 -0.485964
-0.939562 1.089270 -0.498972
-0.882263 1.088702 -0.509276
-0.823939 1.088214 -0.522830
-1.230874 1.039855 -0.418025
-1.171705 1.040201 -0.429372
-1.111573 1.038713 -0.439345
-1.052675 1.037770 -0.451390
-0.994541 1.038054 -0.462327
-0.936384 1.035891 -0.474795
-0.876921 1.035002 -0.485323
-0.819542 1.034367 -0.497906
-1.226514 0.985307 -0.392569
-1.165421 0.986619 -0.404072
-1.108210 0.984037 -0.413595
-1.049315 0.983598 -0.427338
-0.988982 0.982167 -0.436954
-0.932367 0.982021 -0.450322
-0.873423 0.979759 -0.460926
-0.815777 0.979561 -0.473115
-1.223491 0.931077 -0.367724
-1.162020 0.932538 -0.379080
-1.103730 0.930979 -0.388987
-1.044638 0.928762 -0.402889
-0.985443 0.928385 -0.412463
-0.927230 0.926364 -0.424178
-0.869273 0.926077 -0.437367
-0.811339 0.925224 -0.448334
