0.888789 1.204522 -0.561308
0.944496 1.204745 -0.541260
1.000586 1.204627 -0.518556
1.057234 1.204485 -0.500185
1.112224 1.203655 -0.482389
1.169231 1.202120 -0.462180
1.226164 1.203009 -0.442796
1.282565 1.199723 -0.426071
0.879000 1.150355 -0.536591
0.935526 1.149641 -0.516442
0.991136 1.151233 -0.495511
1.048629 1.148904 -0.476251
1.101783 1.148716 -0.458177
1.161555 1.148367 -0.439083
1.218035 1.148016 -0.418920
1.274103 1.146767 -0.402334
0.870542 1.096030 -0.512966
0.926883 1.097405 -0.492946
0.982440 1.095826 -0.471799
1.040813 1.095414 -0.453277
1.094101 1.093805 -0.434305
1.153169 1.092394 -0.414983
1.207727 1.091945 -0.395389
1.265134 1.091561 -0.377903
0.861824 1.042626 -0.489582
0.918652 1.043292 -0.469789
0.975485 1.041704 -0.448464
1.031676 1.040337 -0.430332
1.087713 1.040817 -0.410677
1.144432 1.039201 -0.392762
1.200752 1.038581 -0.372049
1.256967 1.038176 -0.354619
0.852750 0.987861 -0.465468
0.910804 0.988702 -0.445530
0.965292 0.986556 -0.425344
1.022953 0.986219 -0.407609
1.079931 0.985086 -0.386507
1.135698 0.985180 -0.369159
1.191940 0.983526 -0.349413
1.248695 0.983116 -0.331350
0.844143 0.933990 -0.441695
0.901573 0.934625 -0.422265
0.956934 0.933470 -0.401746
1.014961 0.931427 -0.384309
1.071231 0.930999 -0.363210
1.127245 0.929567 -0.344310
1.184482 0.929113 -0.326826
1.240705 0.928484 -0.307554
