-0.760988 1.209590 1.217660
-0.702567 1.209363 1.206364
-0.643183 1.208711 1.197066
-0.584489 1.207828 1.184106
-0.528675 1.206199 1.170157
-0.469172 1.204971 1.158300
-0.410386 1.204987 1.145410
-0.353953 1.201826 1.130410
-0.757673 1.154050 1.241153
-0.698855 1.152803 1.229177
-0.640326 1.154051 1.218740
-0.580775 1.151103 1.205416
-0.526391 1.150405 1.193381
-0.465189 1.149695 1.178962
-0.406426 1.148888 1.166961
-0.349839 1.146997 1.152820
-0.754000 1.098397 1.262638
-0.695249 1.099381 1.250963
-0.636686 1.097245 1.240794
-0.576709 1.096288 1.226190
-0.521502 1.094176 1.214748
-0.461086 1.092371 1.200714
-0.404219 1.091556 1.189406
-0.345932 1.090998 1.174859
-0.750261 1.043659 1.284429
-0.691454 1.043775 1.272316
-0.631654 1.041839 1.261441
-0.574115 1.039979 1.247459
-0.515959 1.039906 1.235488
-0.458376 1.037616 1.221607
-0.399304 1.036560 1.210042
-0.342213 1.035934 1.196549
-0.746740 0.987668 1.307180
-0.686574 0.987913 1.294068
-0.629575 0.985160 1.283391
-0.571039 0.984356 1.268498
-0.511512 0.982613 1.257159
-0.454654 0.982442 1.243133
-0.396441 0.979937 1.231238
-0.338765 0.979642 1.218215
-0.742759 0.932523 1.329275
-0.683639 0.932625 1.315965
-0.625456 0.930663 1.304772
-0.566954 0.928088 1.289602
-0.507951 0.927295 1.278762
-0.450202 0.925340 1.265922
-0.392363 0.924705 1.251687
-0.334469 0.923912 1.239908
