0.504442 1.199392 0.221249
0.561035 1.199179 0.238350
0.617961 1.199147 0.258529
0.675471 1.198265 0.274666
0.731349 1.197334 0.289975
0.789298 1.196092 0.307170
0.847268 1.196657 0.323927
0.904489 1.193012 0.337736
0.495096 1.145917 0.248165
0.552440 1.145223 0.265680
0.609013 1.146551 0.283733
0.667366 1.144097 0.300611
0.721295 1.143657 0.316306
0.781839 1.142954 0.332395
0.839408 1.142628 0.349801
0.895886 1.140859 0.364395
0.486876 1.092618 0.274151
0.544261 1.093845 0.291582
0.600558 1.092073 0.309742
0.659996 1.091636 0.325932
0.714143 1.089555 0.341996
0.773794 1.088128 0.358813
0.829321 1.087801 0.376302
0.887501 1.087035 0.390820
0.478556 1.040246 0.299982
0.536080 1.040596 0.316964
0.594011 1.039066 0.335390
0.650980 1.037628 0.351063
0.708047 1.037589 0.368027
0.765156 1.035617 0.383661
0.822789 1.034774 0.401169
0.879279 1.034602 0.416876
0.469733 0.986506 0.326421
0.528857 0.987044 0.343234
0.584076 0.984775 0.361041
0.642693 0.984456 0.376178
0.700542 0.982847 0.394509
0.756969 0.982716 0.409328
0.813934 0.980760 0.426714
0.870741 0.980675 0.442417
0.461926 0.933609 0.352351
0.519891 0.933996 0.368977
0.576417 0.932562 0.386795
0.635049 0.930154 0.401755
0.692197 0.929749 0.420020
0.749114 0.927945 0.436013
0.806349 0.927571 0.451531
0.863023 0.926886 0.468325
