0.446375 1.213116 1.286337
0.501415 1.212750 1.307733
0.556417 1.212357 1.332416
0.612749 1.211459 1.352686
0.667363 1.210118 1.371925
0.723902 1.208713 1.393554
0.779997 1.209157 1.414588
0.836020 1.205707 1.433080
0.436788 1.157169 1.307317
0.492403 1.156319 1.329191
0.547238 1.157480 1.351902
0.604443 1.154818 1.372928
0.657015 1.154229 1.392398
0.716038 1.153578 1.413221
0.771990 1.152906 1.434989
0.827287 1.151218 1.453691
0.428162 1.101578 1.327733
0.483767 1.102751 1.349427
0.538671 1.100701 1.372359
0.596667 1.100006 1.392532
0.649510 1.097928 1.412965
0.707856 1.096265 1.433882
0.761753 1.095591 1.455163
0.818717 1.095101 1.474536
0.419546 1.046815 1.347959
0.475735 1.047140 1.369442
0.531686 1.045333 1.392407
0.587549 1.043642 1.412078
0.643071 1.043625 1.433354
0.698988 1.041807 1.453162
0.754927 1.040552 1.475139
0.810266 1.040009 1.494600
0.410585 0.990741 1.368703
0.468066 0.991067 1.390022
0.521758 0.988525 1.412088
0.579072 0.987991 1.431159
0.635128 0.986499 1.454238
0.690509 0.986305 1.473007
0.745964 0.984171 1.494462
0.801473 0.983730 1.514627
0.402038 0.935442 1.389324
0.458903 0.935900 1.410050
0.513853 0.934029 1.432259
0.571250 0.931614 1.451181
0.626551 0.931068 1.474246
0.682015 0.929264 1.494628
0.738252 0.928677 1.513928
0.793394 0.927978 1.535092
