0.908118 1.217812 1.431237
0.955026 1.217916 1.467633
1.001363 1.217806 1.506318
1.049571 1.217194 1.541977
1.096682 1.216415 1.574896
1.145219 1.214999 1.611258
1.193279 1.215824 1.647046
1.242166 1.212569 1.680147
0.893307 1.162462 1.449339
0.940722 1.161542 1.485725
0.987192 1.162978 1.522696
1.036258 1.160583 1.558990
1.081474 1.160103 1.591817
1.132616 1.159745 1.628051
1.180111 1.159522 1.664537
1.228076 1.158167 1.697853
0.879648 1.106674 1.466551
0.927133 1.107826 1.502887
0.973422 1.106281 1.540205
1.023765 1.105606 1.575580
1.068842 1.103939 1.609546
1.119279 1.102265 1.645463
1.164971 1.102089 1.681192
1.214413 1.101945 1.715474
0.865997 1.051857 1.483698
0.914061 1.052263 1.519886
0.961505 1.050718 1.557582
1.009744 1.049377 1.591862
1.057312 1.049355 1.627388
1.105571 1.047930 1.661808
1.153289 1.047117 1.698630
1.200827 1.046919 1.732638
0.851639 0.995718 1.501318
0.901199 0.996280 1.537761
0.946663 0.993998 1.573778
0.996533 0.993699 1.607944
1.044200 0.992329 1.645332
1.092192 0.992452 1.678718
1.139445 0.990597 1.714666
1.187177 0.990719 1.749597
0.838007 0.940522 1.519194
0.887261 0.941166 1.554420
0.933700 0.939321 1.590794
0.983709 0.937381 1.625072
1.030628 0.936983 1.662226
1.078353 0.935522 1.697418
1.126940 0.935295 1.731469
1.173902 0.934938 1.767243
