1.141044 1.197669 0.577341
1.190752 1.197782 0.609677
1.240168 1.197880 0.644436
1.291122 1.196934 0.675903
1.340796 1.195067 0.704550
1.391753 1.194233 0.737396
1.442579 1.194825 0.769515
1.493693 1.190968 0.798455
1.124292 1.145296 0.601413
1.174664 1.144140 0.633959
1.224132 1.145662 0.666796
1.275785 1.143007 0.699078
1.323539 1.142118 0.728182
1.378049 1.141387 0.759602
1.427683 1.141333 0.792967
1.478612 1.139444 0.821991
1.108601 1.092374 0.624834
1.159364 1.093318 0.657216
1.208505 1.091617 0.690301
1.261369 1.090716 0.721735
1.309790 1.088859 0.751686
1.362022 1.087163 0.784125
1.411256 1.086851 0.815627
1.463193 1.085832 0.845453
1.093157 1.040406 0.648087
1.144172 1.040452 0.680277
1.194606 1.038927 0.713917
1.246141 1.036844 0.743716
1.296177 1.037311 0.775846
1.346419 1.035240 0.806330
1.396741 1.034632 0.839532
1.447249 1.033902 0.869291
1.076968 0.986999 0.671933
1.129407 0.987446 0.704406
1.177549 0.984974 0.736390
1.229917 0.984652 0.766842
1.281598 0.982873 0.799712
1.331084 0.982703 0.829543
1.381461 0.980581 0.861576
1.431845 0.980487 0.892293
1.061528 0.934572 0.695749
1.113340 0.934740 0.727117
1.162904 0.933205 0.759534
1.215770 0.930859 0.789834
1.265221 0.930300 0.823080
1.315410 0.928574 0.854289
1.366507 0.928071 0.884593
1.417222 0.927094 0.915539
